"","X","date","lat_bin","lon_bin","mmsi","fishing_hours","geartype","flag","month","year"
"1",5,2016-01-29,51.2,-6.1,250000897,9.50986111111111,"trawlers","IRL",1,2016
"2",6,2016-01-29,51.2,-6,250000897,7.56152777777778,"trawlers","IRL",1,2016
"3",7,2016-01-29,51.2,-5.3,205322000,2.82236111111111,"trawlers","BEL",1,2016
"4",8,2016-01-29,51.2,-5.2,205322000,0.259861111111111,"trawlers","BEL",1,2016
"5",10,2016-01-29,51.2,2.8,205150000,0.50375,"trawlers","BEL",1,2016
"6",11,2016-01-29,51.2,-6,226216000,2.43763888888889,"trawlers","FRA",1,2016
"7",14,2016-01-29,51.2,-14.2,232006270,2.08847222222222,"fixed_gear","GBR",1,2016
"8",15,2016-01-29,51.2,-14.3,232006270,4.26097222222222,"fixed_gear","GBR",1,2016
"9",16,2016-01-29,51.2,-10.1,224048290,1.05986111111111,"trawlers","ESP",1,2016
"10",17,2016-01-29,51.2,-10.2,224048290,1.03986111111111,"trawlers","ESP",1,2016
"11",18,2016-01-29,51.2,-9.9,224048290,1.11847222222222,"trawlers","ESP",1,2016
"12",19,2016-01-29,51.2,-9.7,224048290,0.256527777777778,"trawlers","ESP",1,2016
"13",20,2016-01-29,51.2,-10.3,224048290,0.843888888888889,"trawlers","ESP",1,2016
"14",21,2016-01-29,51.2,-10,224048290,1.57722222222222,"trawlers","ESP",1,2016
"15",22,2016-01-29,51.2,-9.8,224048290,1.03055555555556,"trawlers","ESP",1,2016
"16",23,2016-01-29,51.2,2.8,205273000,4.85,"trawlers","BEL",1,2016
"17",24,2016-01-29,51.2,2.7,205273000,0.372777777777778,"trawlers","BEL",1,2016
"18",47,2016-01-29,51.3,-5.3,205322000,4.58680555555556,"trawlers","BEL",1,2016
"19",54,2016-01-29,51.3,-6,226216000,1.79958333333333,"trawlers","FRA",1,2016
"20",55,2016-01-29,51.3,-14.4,232006270,1.46805555555556,"fixed_gear","GBR",1,2016
"21",56,2016-01-29,51.3,-14,232006270,3.56180555555556,"fixed_gear","GBR",1,2016
"22",97,2016-01-29,51.4,-5.3,205322000,3.07541666666667,"trawlers","BEL",1,2016
"23",98,2016-01-29,51.4,4,244740629,0.130555555555556,"trawlers","NLD",1,2016
"24",99,2016-01-29,51.4,4.1,244740629,1.17166666666667,"trawlers","NLD",1,2016
"25",118,2016-01-29,51.4,-6,226216000,8.145,"trawlers","FRA",1,2016
"26",127,2016-01-29,51.4,-14,232006270,0.492083333333333,"fixed_gear","GBR",1,2016
"27",128,2016-01-29,51.4,-13.9,232006270,0.358333333333333,"fixed_gear","GBR",1,2016
"28",129,2016-01-29,51.4,4,244780417,1.35694444444444,"trawlers","NLD",1,2016
"29",132,2016-01-29,51.4,4,244750739,2.76972222222222,"trawlers","NLD",1,2016
"30",133,2016-01-29,51.4,4,245476000,0.713472222222222,"trawlers","NLD",1,2016
"31",135,2016-01-29,51.4,4,244615597,5.39861111111111,"trawlers","NLD",1,2016
"32",136,2016-01-29,51.4,4,924467387,2.11513888888889,"trawlers","UNK",1,2016
"33",142,2016-01-29,51.4,-6.4,250000626,6.17638888888889,"trawlers","IRL",1,2016
"34",181,2016-01-29,51.5,3.9,244873000,1.17791666666667,"trawlers","NLD",1,2016
"35",199,2016-01-29,51.5,-14.1,250105700,2.27708333333333,"trawlers","IRL",1,2016
"36",200,2016-01-29,51.5,-14.2,250105700,3.88319444444444,"trawlers","IRL",1,2016
"37",206,2016-01-29,51.5,4,244780417,0.772222222222222,"trawlers","NLD",1,2016
"38",207,2016-01-29,51.5,1.8,232006030,1.64819444444444,"trawlers","GBR",1,2016
"39",208,2016-01-29,51.5,1.9,232006030,7.40277777777778,"trawlers","GBR",1,2016
"40",210,2016-01-29,51.5,4,244750739,0.133888888888889,"trawlers","NLD",1,2016
"41",211,2016-01-29,51.5,4.1,244780474,0.295,"fixed_gear","NLD",1,2016
"42",212,2016-01-29,51.5,4,924467387,0.264166666666667,"trawlers","UNK",1,2016
"43",259,2016-01-29,51.6,-14.1,250240000,0.98875,"trawlers","IRL",1,2016
"44",260,2016-01-29,51.6,-14.2,250240000,1.76638888888889,"trawlers","IRL",1,2016
"45",261,2016-01-29,51.6,-14.3,250240000,3.61722222222222,"trawlers","IRL",1,2016
"46",271,2016-01-29,51.6,-14.3,250184000,17.8976388888889,"trawlers","IRL",1,2016
"47",277,2016-01-29,51.6,-14,250105700,2.14430555555556,"trawlers","IRL",1,2016
"48",283,2016-01-29,51.6,1.9,232006030,8.54902777777778,"trawlers","GBR",1,2016
"49",286,2016-01-29,51.6,-53.7,316323000,1.16722222222222,"trawlers","CAN",1,2016
"50",287,2016-01-29,51.6,-53.8,316323000,1.24361111111111,"trawlers","CAN",1,2016
"51",288,2016-01-29,51.6,-14.7,235004110,13.8944444444444,"drifting_longlines","GBR",1,2016
"52",354,2016-01-29,51.7,-14.1,250240000,6.22513888888889,"trawlers","IRL",1,2016
"53",360,2016-01-29,51.7,4.7,244750410,1.58041666666667,"fixed_gear","NLD",1,2016
"54",361,2016-01-29,51.7,4.6,244750410,0.270694444444444,"fixed_gear","NLD",1,2016
"55",364,2016-01-29,51.7,-14,250105700,2.06763888888889,"trawlers","IRL",1,2016
"56",366,2016-01-29,51.7,-11.8,224273000,1.20013888888889,"trawlers","ESP",1,2016
"57",367,2016-01-29,51.7,-11.5,224273000,7.17236111111111,"trawlers","ESP",1,2016
"58",368,2016-01-29,51.7,-11.7,224273000,5.70555555555556,"trawlers","ESP",1,2016
"59",372,2016-01-29,51.7,-53.8,316323000,3.31625,"trawlers","CAN",1,2016
"60",373,2016-01-29,51.7,-53.7,316323000,1.77180555555556,"trawlers","CAN",1,2016
"61",374,2016-01-29,51.7,-14.7,235004110,11.0836111111111,"drifting_longlines","GBR",1,2016
"62",375,2016-01-29,51.7,3.9,244750560,0.815277777777778,"trawlers","NLD",1,2016
"63",376,2016-01-29,51.7,3.8,244750560,2.13152777777778,"trawlers","NLD",1,2016
"64",452,2016-01-29,51.8,-14.1,250240000,4.64097222222222,"trawlers","IRL",1,2016
"65",453,2016-01-29,51.8,-14,250240000,6.97569444444444,"trawlers","IRL",1,2016
"66",457,2016-01-29,51.8,-14,250105700,0.450972222222222,"trawlers","IRL",1,2016
"67",460,2016-01-29,51.8,-14.1,250350000,1.51680555555556,"trawlers","IRL",1,2016
"68",461,2016-01-29,51.8,-53.9,316323000,1.14472222222222,"trawlers","CAN",1,2016
"69",462,2016-01-29,51.8,-53.7,316323000,1.52027777777778,"trawlers","CAN",1,2016
"70",463,2016-01-29,51.8,-53.8,316323000,1.80333333333333,"trawlers","CAN",1,2016
"71",543,2016-01-29,51.9,-13.9,250184000,10.1345833333333,"trawlers","IRL",1,2016
"72",547,2016-01-29,51.9,-14.1,250350000,2.54388888888889,"trawlers","IRL",1,2016
"73",548,2016-01-29,51.9,-13.9,250350000,2.6825,"trawlers","IRL",1,2016
"74",549,2016-01-29,51.9,-14,250350000,4.05041666666667,"trawlers","IRL",1,2016
"75",553,2016-01-29,51.9,-53.9,316323000,2.39319444444444,"trawlers","CAN",1,2016
"76",554,2016-01-29,51.9,-53.7,316323000,0.33375,"trawlers","CAN",1,2016
"77",555,2016-01-29,51.9,-53.6,316323000,0.602361111111111,"trawlers","CAN",1,2016
"78",622,2016-01-29,52,-13.9,250350000,1.77222222222222,"trawlers","IRL",1,2016
"79",623,2016-01-29,52,-14,250350000,0.425416666666667,"trawlers","IRL",1,2016
"80",627,2016-01-29,52,-53.9,316323000,1.67527777777778,"trawlers","CAN",1,2016
"81",628,2016-01-29,52,-53.6,316323000,1.71527777777778,"trawlers","CAN",1,2016
"82",629,2016-01-29,52,-53.7,316323000,0.430555555555556,"trawlers","CAN",1,2016
"83",670,2016-01-29,52.1,-15.8,227583000,1.57458333333333,"trawlers","FRA",1,2016
"84",671,2016-01-29,52.1,-15.4,227583000,1.11069444444444,"trawlers","FRA",1,2016
"85",672,2016-01-29,52.1,-15.3,227583000,0.743055555555556,"trawlers","FRA",1,2016
"86",673,2016-01-29,52.1,-15.7,227583000,1.02638888888889,"trawlers","FRA",1,2016
"87",674,2016-01-29,52.1,-15.5,227583000,1.10708333333333,"trawlers","FRA",1,2016
"88",675,2016-01-29,52.1,-15.6,227583000,6.32361111111111,"trawlers","FRA",1,2016
"89",676,2016-01-29,52.1,-15.2,227583000,0.490416666666667,"trawlers","FRA",1,2016
"90",677,2016-01-29,52.1,-9.9,250000707,0.500555555555556,"trawlers","IRL",1,2016
"91",678,2016-01-29,52.1,-11.3,227377000,2.25541666666667,"trawlers","FRA",1,2016
"92",679,2016-01-29,52.1,4,235103397,0.528611111111111,"trawlers","GBR",1,2016
"93",680,2016-01-29,52.1,4.2,235103397,0.583611111111111,"trawlers","GBR",1,2016
"94",681,2016-01-29,52.1,4.1,235103397,2.37611111111111,"trawlers","GBR",1,2016
"95",682,2016-01-29,52.1,4.1,235103398,0.8425,"trawlers","GBR",1,2016
"96",686,2016-01-29,52.1,-13.7,250350000,5.66513888888889,"trawlers","IRL",1,2016
"97",687,2016-01-29,52.1,-13.8,250350000,4.53152777777778,"trawlers","IRL",1,2016
"98",688,2016-01-29,52.1,-53.6,316323000,0.539444444444445,"trawlers","CAN",1,2016
"99",689,2016-01-29,52.1,-53.7,316323000,1.08194444444444,"trawlers","CAN",1,2016
"100",690,2016-01-29,52.1,-53.9,316323000,0.604027777777778,"trawlers","CAN",1,2016
"101",725,2016-01-29,52.2,-53.9,316010000,7.315,"trawlers","CAN",1,2016
"102",726,2016-01-29,52.2,-15.1,227583000,1.73375,"trawlers","FRA",1,2016
"103",727,2016-01-29,52.2,-15.2,227583000,5.01013888888889,"trawlers","FRA",1,2016
"104",728,2016-01-29,52.2,-15.3,227583000,4.08166666666667,"trawlers","FRA",1,2016
"105",729,2016-01-29,52.2,3.9,245159000,0.526805555555556,"trawlers","NLD",1,2016
"106",737,2016-01-29,52.2,-53.9,316323000,1.95819444444444,"trawlers","CAN",1,2016
"107",782,2016-01-29,52.3,3.8,246464000,0.728333333333333,"trawlers","NLD",1,2016
"108",783,2016-01-29,52.3,3.9,246464000,0.724861111111111,"trawlers","NLD",1,2016
"109",784,2016-01-29,52.3,-11.7,227275010,1.46916666666667,"trawlers","FRA",1,2016
"110",785,2016-01-29,52.3,-11.6,227275010,1.11416666666667,"trawlers","FRA",1,2016
"111",786,2016-01-29,52.3,-6.5,250000387,0.602083333333333,"trawlers","IRL",1,2016
"112",788,2016-01-29,52.3,-53.7,316010000,2.40486111111111,"trawlers","CAN",1,2016
"113",789,2016-01-29,52.3,-53.9,316010000,6.65833333333333,"trawlers","CAN",1,2016
"114",797,2016-01-29,52.3,-6.1,250262000,1.345,"trawlers","IRL",1,2016
"115",850,2016-01-29,52.4,3.8,246464000,0.134444444444444,"trawlers","NLD",1,2016
"116",851,2016-01-29,52.4,-11.7,227275010,0.875,"trawlers","FRA",1,2016
"117",852,2016-01-29,52.4,-11.8,227275010,4.04791666666667,"trawlers","FRA",1,2016
"118",854,2016-01-29,52.4,-53.8,316010000,1.54847222222222,"trawlers","CAN",1,2016
"119",855,2016-01-29,52.4,-53.9,316010000,5.10236111111111,"trawlers","CAN",1,2016
"120",856,2016-01-29,52.4,4.5,244167000,0.220555555555556,"other_fishing","NLD",1,2016
"121",857,2016-01-29,52.4,4.2,245252000,0.740138888888889,"trawlers","NLD",1,2016
"122",860,2016-01-29,52.4,-6.1,250262000,2.52055555555556,"trawlers","IRL",1,2016
"123",1063,2016-01-29,52.6,0.5,235001390,13.1133333333333,"trawlers","GBR",1,2016
"124",1064,2016-01-29,52.6,-6.1,250000594,0.703888888888889,"trawlers","IRL",1,2016
"125",1208,2016-01-29,52.7,-6.1,250262000,0.609861111111111,"trawlers","IRL",1,2016
"126",1363,2016-01-29,52.8,4.3,245263000,0.60125,"trawlers","NLD",1,2016
"127",1481,2016-01-29,52.9,5,244042000,0.457222222222222,"trawlers","NLD",1,2016
"128",1482,2016-01-29,52.9,4.8,245150000,0.34625,"trawlers","NLD",1,2016
"129",1484,2016-01-29,52.9,5,244877000,1.66,"trawlers","NLD",1,2016
"130",1606,2016-01-29,53,5,245150000,5.74263888888889,"trawlers","NLD",1,2016
"131",1607,2016-01-29,53,4.8,245150000,0.79125,"trawlers","NLD",1,2016
"132",1608,2016-01-29,53,4.9,245150000,1.11277777777778,"trawlers","NLD",1,2016
"133",1971,2016-01-29,53.3,-4.3,235002718,0.261111111111111,"trawlers","GBR",1,2016
"134",1972,2016-01-29,53.3,-3.9,235002718,0.254027777777778,"trawlers","GBR",1,2016
"135",1973,2016-01-29,53.3,-3.8,235002718,12.1076388888889,"trawlers","GBR",1,2016
"136",1977,2016-01-29,53.3,-52.2,316011910,1.27972222222222,"trawlers","CAN",1,2016
"137",1978,2016-01-29,53.3,-52.1,316011910,2.54055555555556,"trawlers","CAN",1,2016
"138",2199,2016-01-29,53.4,-52.2,316011910,3.18888888888889,"trawlers","CAN",1,2016
"139",2200,2016-01-29,53.4,-52.3,316011910,1.24666666666667,"trawlers","CAN",1,2016
"140",2399,2016-01-29,53.5,-5.9,250002435,2.82569444444444,"trawlers","IRL",1,2016
"141",2400,2016-01-29,53.5,-5.7,250002435,1.85944444444444,"trawlers","IRL",1,2016
"142",2401,2016-01-29,53.5,-5.8,250002435,1.31666666666667,"trawlers","IRL",1,2016
"143",2402,2016-01-29,53.5,-5.8,250000141,4.06,"trawlers","IRL",1,2016
"144",2403,2016-01-29,53.5,-5.9,250000141,1.17958333333333,"trawlers","IRL",1,2016
"145",2404,2016-01-29,53.5,-5.8,250000199,1.05652777777778,"trawlers","IRL",1,2016
"146",2405,2016-01-29,53.5,-5.9,250000199,0.800277777777778,"trawlers","IRL",1,2016
"147",2406,2016-01-29,53.5,-5.9,250126460,1.77902777777778,"trawlers","IRL",1,2016
"148",2407,2016-01-29,53.5,-52.4,316011910,4.44361111111111,"trawlers","CAN",1,2016
"149",2408,2016-01-29,53.5,-52.3,316011910,2.18111111111111,"trawlers","CAN",1,2016
"150",2409,2016-01-29,53.5,-5.9,250000546,1.03791666666667,"trawlers","IRL",1,2016
"151",2410,2016-01-29,53.5,-5.8,250000546,0.260972222222222,"trawlers","IRL",1,2016
"152",2411,2016-01-29,53.5,-5.8,232006310,6.34069444444444,"trawlers","GBR",1,2016
"153",2412,2016-01-29,53.5,-5.9,232006310,1.18486111111111,"trawlers","GBR",1,2016
"154",2413,2016-01-29,53.5,-5.7,232006310,0.794444444444445,"trawlers","GBR",1,2016
"155",2414,2016-01-29,53.5,-3.6,235097047,14.0119444444444,"trawlers","GBR",1,2016
"156",2673,2016-01-29,53.6,-5.7,250002435,3.78194444444444,"trawlers","IRL",1,2016
"157",2674,2016-01-29,53.6,-6,250002435,1.56402777777778,"trawlers","IRL",1,2016
"158",2675,2016-01-29,53.6,-5.9,250002435,3.13569444444444,"trawlers","IRL",1,2016
"159",2676,2016-01-29,53.6,-5.8,250002435,2.10430555555556,"trawlers","IRL",1,2016
"160",2677,2016-01-29,53.6,-5.9,250000141,0.69,"trawlers","IRL",1,2016
"161",2678,2016-01-29,53.6,-6,250000141,1.8275,"trawlers","IRL",1,2016
"162",2679,2016-01-29,53.6,-5.8,250000141,2.14680555555556,"trawlers","IRL",1,2016
"163",2680,2016-01-29,53.6,-5.7,250000141,4.03388888888889,"trawlers","IRL",1,2016
"164",2681,2016-01-29,53.6,-5.8,250000199,2.33347222222222,"trawlers","IRL",1,2016
"165",2682,2016-01-29,53.6,-5.9,250000199,1.03888888888889,"trawlers","IRL",1,2016
"166",2683,2016-01-29,53.6,7.1,211313780,0.141111111111111,"trawlers","DEU",1,2016
"167",2684,2016-01-29,53.6,-5.9,250126460,0.380555555555556,"trawlers","IRL",1,2016
"168",2685,2016-01-29,53.6,-6,250126460,2.00680555555556,"trawlers","IRL",1,2016
"169",2686,2016-01-29,53.6,-52.4,316011910,0.784305555555556,"trawlers","CAN",1,2016
"170",2687,2016-01-29,53.6,-6,250000546,0.258333333333333,"trawlers","IRL",1,2016
"171",2688,2016-01-29,53.6,-5.9,250000546,2.35972222222222,"trawlers","IRL",1,2016
"172",2689,2016-01-29,53.6,-5.8,232006310,2.12277777777778,"trawlers","GBR",1,2016
"173",2690,2016-01-29,53.6,-6,232006310,0.789444444444445,"trawlers","GBR",1,2016
"174",2691,2016-01-29,53.6,-5.9,232006310,0.703888888888889,"trawlers","GBR",1,2016
"175",3005,2016-01-29,53.7,-5.7,250002435,0.261527777777778,"trawlers","IRL",1,2016
"176",3006,2016-01-29,53.7,-6,250002435,1.96013888888889,"trawlers","IRL",1,2016
"177",3007,2016-01-29,53.7,-5.9,250002435,1.84277777777778,"trawlers","IRL",1,2016
"178",3008,2016-01-29,53.7,-5.9,235076636,2.34083333333333,"trawlers","GBR",1,2016
"179",3009,2016-01-29,53.7,-5.8,250000199,1.02208333333333,"trawlers","IRL",1,2016
"180",3010,2016-01-29,53.7,-6,250000546,1.86861111111111,"trawlers","IRL",1,2016
"181",3011,2016-01-29,53.7,-5.8,232006310,1.06055555555556,"trawlers","GBR",1,2016
"182",3012,2016-01-29,53.7,-5.9,232006310,2.37458333333333,"trawlers","GBR",1,2016
"183",3378,2016-01-29,53.8,-6,250002435,2.14944444444444,"trawlers","IRL",1,2016
"184",3379,2016-01-29,53.8,-5.9,250002435,0.327638888888889,"trawlers","IRL",1,2016
"185",3380,2016-01-29,53.8,-6,250109460,2.36805555555556,"trawlers","IRL",1,2016
"186",3381,2016-01-29,53.8,-5.8,250109460,1.83597222222222,"trawlers","IRL",1,2016
"187",3382,2016-01-29,53.8,-5.9,250109460,5.54958333333333,"trawlers","IRL",1,2016
"188",3383,2016-01-29,53.8,6,234879000,0.136111111111111,"trawlers","GBR",1,2016
"189",3384,2016-01-29,53.8,6.1,234879000,0.674444444444444,"trawlers","GBR",1,2016
"190",3385,2016-01-29,53.8,5.9,234879000,0.757083333333333,"trawlers","GBR",1,2016
"191",3386,2016-01-29,53.8,-5.9,235076636,4.43375,"trawlers","GBR",1,2016
"192",3387,2016-01-29,53.8,-6,250002764,1.04027777777778,"trawlers","IRL",1,2016
"193",3388,2016-01-29,53.8,-5.9,250002764,1.43583333333333,"trawlers","IRL",1,2016
"194",3389,2016-01-29,53.8,-5.8,250002764,0.171111111111111,"trawlers","IRL",1,2016
"195",3391,2016-01-29,53.8,-5.9,250115460,1.88486111111111,"trawlers","IRL",1,2016
"196",3392,2016-01-29,53.8,-6,250115460,0.743472222222222,"trawlers","IRL",1,2016
"197",3393,2016-01-29,53.8,-5.9,232006310,2.375,"trawlers","GBR",1,2016
"198",3394,2016-01-29,53.8,5,235005350,1.83138888888889,"trawlers","GBR",1,2016
"199",3711,2016-01-29,53.9,-5.7,250109460,1.27944444444444,"trawlers","IRL",1,2016
"200",3712,2016-01-29,53.9,-5.8,250109460,5.49583333333333,"trawlers","IRL",1,2016
"201",3713,2016-01-29,53.9,-5.9,250109460,1.29791666666667,"trawlers","IRL",1,2016
"202",3714,2016-01-29,53.9,5.7,234879000,0.426666666666667,"trawlers","GBR",1,2016
"203",3715,2016-01-29,53.9,5.8,234879000,0.769166666666667,"trawlers","GBR",1,2016
"204",3716,2016-01-29,53.9,-5.8,235076636,3.48833333333333,"trawlers","GBR",1,2016
"205",3717,2016-01-29,53.9,-5.9,235076636,6.51055555555556,"trawlers","GBR",1,2016
"206",3720,2016-01-29,53.9,-5.8,250002764,4.13305555555555,"trawlers","IRL",1,2016
"207",3721,2016-01-29,53.9,4.9,245564000,3.73652777777778,"trawlers","NLD",1,2016
"208",3722,2016-01-29,53.9,6.3,244060000,0.737222222222222,"trawlers","NLD",1,2016
"209",3723,2016-01-29,53.9,6.4,244060000,6.76736111111111,"trawlers","NLD",1,2016
"210",3724,2016-01-29,53.9,5,245265000,2.03333333333333,"trawlers","NLD",1,2016
"211",3726,2016-01-29,53.9,-5.9,250115460,1.58166666666667,"trawlers","IRL",1,2016
"212",3727,2016-01-29,53.9,-5.8,250115460,2.67666666666667,"trawlers","IRL",1,2016
"213",3729,2016-01-29,53.9,-5.8,232006310,1.59125,"trawlers","GBR",1,2016
"214",3730,2016-01-29,53.9,-5.9,232006310,1.05263888888889,"trawlers","GBR",1,2016
"215",3731,2016-01-29,53.9,5,235005350,0.894444444444444,"trawlers","GBR",1,2016
"216",3732,2016-01-29,53.9,5.4,244205000,0.399027777777778,"trawlers","NLD",1,2016
"217",3733,2016-01-29,53.9,5.6,244205000,0.801666666666667,"trawlers","NLD",1,2016
"218",3734,2016-01-29,53.9,5.5,244205000,0.930694444444445,"trawlers","NLD",1,2016
"219",3947,2016-01-29,54,6.1,245738000,8.17555555555556,"trawlers","NLD",1,2016
"220",3948,2016-01-29,54,-5.8,250109460,0.894444444444444,"trawlers","IRL",1,2016
"221",3949,2016-01-29,54,-5.7,250109460,3.31777777777778,"trawlers","IRL",1,2016
"222",3950,2016-01-29,54,-5.6,250109460,1.86430555555556,"trawlers","IRL",1,2016
"223",3951,2016-01-29,54,5.6,234879000,0.635277777777778,"trawlers","GBR",1,2016
"224",3952,2016-01-29,54,5.7,234879000,0.381944444444444,"trawlers","GBR",1,2016
"225",3953,2016-01-29,54,-5.6,235076636,0.128888888888889,"trawlers","GBR",1,2016
"226",3954,2016-01-29,54,-5.7,235076636,3.47541666666667,"trawlers","GBR",1,2016
"227",3955,2016-01-29,54,-5.8,235076636,3.03375,"trawlers","GBR",1,2016
"228",3956,2016-01-29,54,-11.2,244563000,1.37902777777778,"trawlers","NLD",1,2016
"229",3957,2016-01-29,54,-11.3,244563000,0.257222222222222,"trawlers","NLD",1,2016
"230",3958,2016-01-29,54,5,245564000,1.44333333333333,"trawlers","NLD",1,2016
"231",3959,2016-01-29,54,5.1,245265000,0.220694444444444,"trawlers","NLD",1,2016
"232",3960,2016-01-29,54,5,245265000,0.751805555555556,"trawlers","NLD",1,2016
"233",3961,2016-01-29,54,11.1,211312240,4.41152777777778,"trawlers","DEU",1,2016
"234",3968,2016-01-29,54,-5.8,232006310,0.550694444444444,"trawlers","GBR",1,2016
"235",3969,2016-01-29,54,-5.6,232006310,0.258611111111111,"trawlers","GBR",1,2016
"236",3970,2016-01-29,54,-5.7,232006310,2.10944444444444,"trawlers","GBR",1,2016
"237",3971,2016-01-29,54,5,235005350,0.559444444444444,"trawlers","GBR",1,2016
"238",3972,2016-01-29,54,5.1,235005350,0.779166666666667,"trawlers","GBR",1,2016
"239",3973,2016-01-29,54,5.6,244205000,1.35666666666667,"trawlers","NLD",1,2016
"240",4153,2016-01-29,54.1,-5.6,250109460,0.198888888888889,"trawlers","IRL",1,2016
"241",4154,2016-01-29,54.1,-11,244563000,0.969722222222222,"trawlers","NLD",1,2016
"242",4155,2016-01-29,54.1,-11.1,244563000,0.637083333333333,"trawlers","NLD",1,2016
"243",4157,2016-01-29,54.1,5.1,245564000,1.12583333333333,"trawlers","NLD",1,2016
"244",4158,2016-01-29,54.1,11.5,211312240,0.265138888888889,"trawlers","DEU",1,2016
"245",4159,2016-01-29,54.1,11.3,211312240,5.11416666666667,"trawlers","DEU",1,2016
"246",4160,2016-01-29,54.1,11.2,211312240,3.71736111111111,"trawlers","DEU",1,2016
"247",4161,2016-01-29,54.1,11.4,211312240,1.48597222222222,"trawlers","DEU",1,2016
"248",4165,2016-01-29,54.1,-5.6,232006310,0.520555555555556,"trawlers","GBR",1,2016
"249",4166,2016-01-29,54.1,5.1,235005350,0.646111111111111,"trawlers","GBR",1,2016
"250",4167,2016-01-29,54.1,-6.3,235072171,4.06027777777778,"trawlers","GBR",1,2016
"251",4170,2016-01-29,79.7,11.1,277442000,0.991527777777778,"trawlers","LTU",1,2016
"252",4305,2016-01-29,54.2,6,244672000,19.6834722222222,"trawlers","NLD",1,2016
"253",4306,2016-01-29,54.2,5.9,244672000,6.79611111111111,"trawlers","NLD",1,2016
"254",4308,2016-01-29,54.2,-11,244563000,0.28875,"trawlers","NLD",1,2016
"255",4309,2016-01-29,54.2,-10.9,244563000,1.04013888888889,"trawlers","NLD",1,2016
"256",4310,2016-01-29,54.2,5.1,245564000,0.285,"trawlers","NLD",1,2016
"257",4311,2016-01-29,54.2,11.5,211312240,3.67375,"trawlers","DEU",1,2016
"258",4312,2016-01-29,54.2,11.4,211312240,2.58513888888889,"trawlers","DEU",1,2016
"259",4313,2016-01-29,54.2,11.6,211312240,1.79277777777778,"trawlers","DEU",1,2016
"260",4315,2016-01-29,54.2,5.9,244197000,8.65902777777778,"trawlers","NLD",1,2016
"261",4394,2016-01-29,54.3,-0.1,235014687,1.99166666666667,"trawlers","GBR",1,2016
"262",4395,2016-01-29,54.3,-0.3,235014687,1.77208333333333,"trawlers","GBR",1,2016
"263",4396,2016-01-29,54.3,-0.2,235014687,5.95444444444444,"trawlers","GBR",1,2016
"264",4400,2016-01-29,54.3,-10.9,244563000,1.53875,"trawlers","NLD",1,2016
"265",4401,2016-01-29,54.3,-4.4,235061052,16.6911111111111,"trawlers","GBR",1,2016
"266",4402,2016-01-29,54.3,6,244060000,6.53361111111111,"trawlers","NLD",1,2016
"267",4403,2016-01-29,54.3,14,211314800,1.37583333333333,"trawlers","DEU",1,2016
"268",4404,2016-01-29,54.3,13.9,211314800,1.65486111111111,"trawlers","DEU",1,2016
"269",4405,2016-01-29,54.3,13.8,211314800,1.29416666666667,"trawlers","DEU",1,2016
"270",4406,2016-01-29,54.3,13.7,211314800,0.525138888888889,"trawlers","DEU",1,2016
"271",4411,2016-01-29,54.3,11.4,211271330,9.73069444444444,"trawlers","DEU",1,2016
"272",4412,2016-01-29,54.3,11.3,211271330,3.52055555555556,"trawlers","DEU",1,2016
"273",4413,2016-01-29,54.3,-4.4,235000743,18.1015277777778,"trawlers","GBR",1,2016
"274",4414,2016-01-29,54.3,11.3,220345000,2.85638888888889,"trawlers","DNK",1,2016
"275",4415,2016-01-29,54.3,11.4,220345000,0.474027777777778,"trawlers","DNK",1,2016
"276",4416,2016-01-29,54.3,-4.4,235007912,22.2525,"trawlers","GBR",1,2016
"277",4418,2016-01-29,54.3,13.8,211317720,1.33236111111111,"trawlers","DEU",1,2016
"278",4419,2016-01-29,54.3,14,211317720,1.29027777777778,"trawlers","DEU",1,2016
"279",4420,2016-01-29,54.3,13.7,211317720,0.650138888888889,"trawlers","DEU",1,2016
"280",4421,2016-01-29,54.3,13.9,211317720,1.605,"trawlers","DEU",1,2016
"281",4484,2016-01-29,54.4,-0.2,235014687,6.13777777777778,"trawlers","GBR",1,2016
"282",4485,2016-01-29,54.4,-0.3,235014687,7.91041666666666,"trawlers","GBR",1,2016
"283",4491,2016-01-29,54.4,-10.8,244563000,1.29347222222222,"trawlers","NLD",1,2016
"284",4492,2016-01-29,54.4,-10.7,244563000,0.260555555555556,"trawlers","NLD",1,2016
"285",4493,2016-01-29,54.4,-4.4,235061052,0.266111111111111,"trawlers","GBR",1,2016
"286",4494,2016-01-29,54.4,13.7,211314800,1.04458333333333,"trawlers","DEU",1,2016
"287",4495,2016-01-29,54.4,13.6,211314800,0.518888888888889,"trawlers","DEU",1,2016
"288",4501,2016-01-29,54.4,11.4,211271330,1.88555555555556,"trawlers","DEU",1,2016
"289",4502,2016-01-29,54.4,11.3,211271330,4.73888888888889,"trawlers","DEU",1,2016
"290",4503,2016-01-29,54.4,11.2,220345000,5.22291666666667,"trawlers","DNK",1,2016
"291",4504,2016-01-29,54.4,11.3,220345000,3.63013888888889,"trawlers","DNK",1,2016
"292",4505,2016-01-29,54.4,11.4,220345000,1.57222222222222,"trawlers","DNK",1,2016
"293",4510,2016-01-29,54.4,13.7,211317720,2.22277777777778,"trawlers","DEU",1,2016
"294",4583,2016-01-29,54.5,7.3,235001620,0.388888888888889,"fixed_gear","GBR",1,2016
"295",4584,2016-01-29,54.5,7.2,235001620,2.99430555555556,"fixed_gear","GBR",1,2016
"296",4585,2016-01-29,54.5,7.1,235001620,3.16083333333333,"fixed_gear","GBR",1,2016
"297",4591,2016-01-29,54.5,-10.6,244563000,1.58111111111111,"trawlers","NLD",1,2016
"298",4592,2016-01-29,54.5,-10.7,244563000,0.773611111111111,"trawlers","NLD",1,2016
"299",4593,2016-01-29,54.5,-0.8,235112769,0.143472222222222,"trawlers","GBR",1,2016
"300",4594,2016-01-29,54.5,-0.7,235112769,0.848611111111111,"trawlers","GBR",1,2016
"301",4595,2016-01-29,54.5,-0.9,235112769,0.403055555555556,"trawlers","GBR",1,2016
"302",4599,2016-01-29,54.5,11.3,211271330,0.302777777777778,"trawlers","DEU",1,2016
"303",4600,2016-01-29,54.5,11.3,220345000,2.31611111111111,"trawlers","DNK",1,2016
"304",4661,2016-01-29,54.6,7,235001620,2.02875,"fixed_gear","GBR",1,2016
"305",4662,2016-01-29,54.6,7.2,235001620,0.283888888888889,"fixed_gear","GBR",1,2016
"306",4663,2016-01-29,54.6,7.1,235001620,1.06708333333333,"fixed_gear","GBR",1,2016
"307",4669,2016-01-29,54.6,-10.3,244563000,0.615833333333333,"trawlers","NLD",1,2016
"308",4670,2016-01-29,54.6,-10.4,244563000,1.61111111111111,"trawlers","NLD",1,2016
"309",4671,2016-01-29,54.6,-5.9,250000511,3.36736111111111,"trawlers","IRL",1,2016
"310",4724,2016-01-29,54.7,7.1,235001620,0.687222222222222,"fixed_gear","GBR",1,2016
"311",4725,2016-01-29,54.7,7,235001620,2.85125,"fixed_gear","GBR",1,2016
"312",4726,2016-01-29,54.7,6.9,235001620,0.309583333333333,"fixed_gear","GBR",1,2016
"313",4730,2016-01-29,54.7,-5.5,228106800,0.251944444444444,"trawlers","FRA",1,2016
"314",4731,2016-01-29,54.7,-5.6,228106800,0.252777777777778,"trawlers","FRA",1,2016
"315",4732,2016-01-29,54.7,-10.2,244563000,1.29805555555556,"trawlers","NLD",1,2016
"316",4733,2016-01-29,54.7,-10.1,244563000,0.254444444444444,"trawlers","NLD",1,2016
"317",4734,2016-01-29,54.7,-10.3,244563000,0.758055555555555,"trawlers","NLD",1,2016
"318",4796,2016-01-29,54.8,-10.3,244563000,1.4475,"trawlers","NLD",1,2016
"319",4797,2016-01-29,54.8,-10.2,244563000,0.266111111111111,"trawlers","NLD",1,2016
"320",4801,2016-01-29,54.8,10,219000897,0.255972222222222,"trawlers","DNK",1,2016
"321",4802,2016-01-29,54.8,10.1,219000897,0.513611111111111,"trawlers","DNK",1,2016
"322",4869,2016-01-29,54.9,10,219001604,2.72444444444444,"fixed_gear","DNK",1,2016
"323",4873,2016-01-29,54.9,-5.6,224018440,0.827916666666667,"drifting_longlines","ESP",1,2016
"324",4874,2016-01-29,54.9,-5.5,224018440,1.08902777777778,"drifting_longlines","ESP",1,2016
"325",4875,2016-01-29,54.9,-5.8,224018440,0.253888888888889,"drifting_longlines","ESP",1,2016
"326",4876,2016-01-29,54.9,-5.7,224018440,1.04569444444444,"drifting_longlines","ESP",1,2016
"327",4878,2016-01-29,54.9,-6,228106800,0.740138888888889,"trawlers","FRA",1,2016
"328",4879,2016-01-29,54.9,-5.9,228106800,0.575,"trawlers","FRA",1,2016
"329",4881,2016-01-29,54.9,-10.2,244563000,1.10888888888889,"trawlers","NLD",1,2016
"330",4883,2016-01-29,54.9,10.1,219000897,0.526527777777778,"trawlers","DNK",1,2016
"331",4884,2016-01-29,54.9,10,219000897,3.65083333333333,"trawlers","DNK",1,2016
"332",4904,2016-01-29,80.5,15.7,277442000,1.65680555555556,"trawlers","LTU",1,2016
"333",4905,2016-01-29,80.5,15.4,277442000,0.85125,"trawlers","LTU",1,2016
"334",4906,2016-01-29,80.5,15.9,277442000,1.65555555555556,"trawlers","LTU",1,2016
"335",4907,2016-01-29,80.5,15.5,277442000,1.61555555555556,"trawlers","LTU",1,2016
"336",4993,2016-01-29,55,10,219001604,0.605555555555556,"fixed_gear","DNK",1,2016
"337",4994,2016-01-29,55,9.9,219001604,1.05222222222222,"fixed_gear","DNK",1,2016
"338",4997,2016-01-29,55,-5.8,224018440,0.507222222222222,"drifting_longlines","ESP",1,2016
"339",4998,2016-01-29,55,-5.9,224018440,3.11194444444444,"drifting_longlines","ESP",1,2016
"340",4999,2016-01-29,55,-6,224018440,2.825,"drifting_longlines","ESP",1,2016
"341",5000,2016-01-29,55,-5.8,250261000,3.44166666666667,"trawlers","IRL",1,2016
"342",5003,2016-01-29,55,-5.9,228106800,2.35305555555556,"trawlers","FRA",1,2016
"343",5004,2016-01-29,55,-6,228106800,1.82555555555556,"trawlers","FRA",1,2016
"344",5007,2016-01-29,55,10,219000897,1.08291666666667,"trawlers","DNK",1,2016
"345",5008,2016-01-29,55,9.9,219000897,1.32958333333333,"trawlers","DNK",1,2016
"346",5017,2016-01-29,55,-1.5,235008670,1.18847222222222,"trawlers","GBR",1,2016
"347",5027,2016-01-29,80.6,15.4,277442000,1.61527777777778,"trawlers","LTU",1,2016
"348",5159,2016-01-29,55.1,-6,224018440,4.18388888888889,"drifting_longlines","ESP",1,2016
"349",5160,2016-01-29,55.1,-6.1,224018440,3.915,"drifting_longlines","ESP",1,2016
"350",5161,2016-01-29,55.1,-5.8,250261000,1.03777777777778,"trawlers","IRL",1,2016
"351",5341,2016-01-29,55.2,-7.6,235061559,24.2490277777778,"trawlers","GBR",1,2016
"352",5342,2016-01-29,55.2,-1.3,235082365,0.708333333333333,"trawlers","GBR",1,2016
"353",5343,2016-01-29,55.2,-1.2,235082365,0.711388888888889,"trawlers","GBR",1,2016
"354",5349,2016-01-29,55.2,-7.6,250370000,12.215,"trawlers","IRL",1,2016
"355",5354,2016-01-29,80.8,28.5,231107000,1.64194444444444,"trawlers","FRO",1,2016
"356",5550,2016-01-29,55.3,10.9,219013178,7.89277777777778,"trawlers","DNK",1,2016
"357",5561,2016-01-29,55.3,-1.2,235082365,2.97013888888889,"trawlers","GBR",1,2016
"358",5568,2016-01-29,55.3,10.9,220356000,1.44444444444444,"trawlers","DNK",1,2016
"359",5801,2016-01-29,55.4,10.9,219013178,6.30930555555556,"trawlers","DNK",1,2016
"360",5820,2016-01-29,55.4,-1.2,235082365,6.76708333333333,"trawlers","GBR",1,2016
"361",5830,2016-01-29,55.4,10.9,220356000,1.87805555555556,"trawlers","DNK",1,2016
"362",5831,2016-01-29,55.4,10.9,219006116,0.636944444444444,"trawlers","DNK",1,2016
"363",6055,2016-01-29,55.5,-1.2,235082365,2.11430555555556,"trawlers","GBR",1,2016
"364",6056,2016-01-29,55.5,-1.1,235082365,0.6325,"trawlers","GBR",1,2016
"365",6517,2016-01-29,55.8,-15.5,257466000,2.94736111111111,"fixed_gear","NOR",1,2016
"366",6617,2016-01-29,55.9,12.6,219005965,1.27055555555556,"fixed_gear","DNK",1,2016
"367",6618,2016-01-29,55.9,12.5,219005965,0.866527777777778,"fixed_gear","DNK",1,2016
"368",6621,2016-01-29,55.9,12.5,219002149,1.51138888888889,"fixed_gear","DNK",1,2016
"369",6622,2016-01-29,55.9,-2.3,235096106,2.42180555555556,"trawlers","GBR",1,2016
"370",6623,2016-01-29,55.9,-2.4,235096106,4.16486111111111,"trawlers","GBR",1,2016
"371",6638,2016-01-29,55.9,-15.3,257466000,8.75611111111111,"fixed_gear","NOR",1,2016
"372",6639,2016-01-29,55.9,-15.4,257466000,9.41805555555556,"fixed_gear","NOR",1,2016
"373",6763,2016-01-29,56,-2.3,235096106,1.19763888888889,"trawlers","GBR",1,2016
"374",6764,2016-01-29,56,-2.5,235096106,0.253472222222222,"trawlers","GBR",1,2016
"375",6765,2016-01-29,56,-2.4,235096106,5.02986111111111,"trawlers","GBR",1,2016
"376",6795,2016-01-29,56,-15.2,257466000,1.54555555555556,"fixed_gear","NOR",1,2016
"377",6957,2016-01-29,56.1,-2.5,235096106,1.45847222222222,"trawlers","GBR",1,2016
"378",6958,2016-01-29,56.1,-2.4,235096106,2.15375,"trawlers","GBR",1,2016
"379",7332,2016-01-29,56.3,-2.5,235002500,1.8025,"trawlers","GBR",1,2016
"380",7358,2016-01-29,56.3,-2.5,235001340,1.28222222222222,"trawlers","GBR",1,2016
"381",7452,2016-01-29,56.4,-2.5,235002500,4.49138888888889,"trawlers","GBR",1,2016
"382",7458,2016-01-29,56.4,-58,316001738,7.26875,"trawlers","CAN",1,2016
"383",7459,2016-01-29,56.4,-58.1,316001738,10.9306944444444,"trawlers","CAN",1,2016
"384",7460,2016-01-29,56.4,-57.9,316001738,3.08069444444444,"trawlers","CAN",1,2016
"385",7466,2016-01-29,56.4,-2.5,235001340,4.92277777777778,"trawlers","GBR",1,2016
"386",7529,2016-01-29,56.5,-6,232611329,3.78305555555556,"trawlers","GBR",1,2016
"387",7562,2016-01-29,56.5,-2.5,235002500,1.41527777777778,"trawlers","GBR",1,2016
"388",7580,2016-01-29,56.5,-2.5,235001340,1.04111111111111,"trawlers","GBR",1,2016
"389",7762,2016-01-29,56.7,11.7,220138000,4.64069444444444,"trawlers","DNK",1,2016
"390",7763,2016-01-29,56.7,11.6,220138000,0.516527777777778,"trawlers","DNK",1,2016
"391",7764,2016-01-29,56.7,11.8,220138000,2.175,"trawlers","DNK",1,2016
"392",7765,2016-01-29,56.7,17.1,266346000,0.387777777777778,"trawlers","SWE",1,2016
"393",7766,2016-01-29,56.7,17,266346000,1.82236111111111,"trawlers","SWE",1,2016
"394",7781,2016-01-29,56.7,17,266353000,1.07402777777778,"trawlers","SWE",1,2016
"395",7782,2016-01-29,56.7,17.1,266353000,0.269027777777778,"trawlers","SWE",1,2016
"396",7785,2016-01-29,56.7,11.8,219001976,2.67138888888889,"trawlers","DNK",1,2016
"397",7786,2016-01-29,56.7,11.7,219001976,6.21138888888889,"trawlers","DNK",1,2016
"398",7787,2016-01-29,56.7,11.6,219001976,2.94888888888889,"trawlers","DNK",1,2016
"399",7788,2016-01-29,56.7,11.5,219001976,5.11027777777778,"trawlers","DNK",1,2016
"400",7798,2016-01-29,56.7,-7.5,226158000,0.846666666666667,"trawlers","FRA",1,2016
"401",7799,2016-01-29,56.7,11.8,220099000,1.39888888888889,"trawlers","DNK",1,2016
"402",7800,2016-01-29,56.7,11.7,220099000,2.84680555555556,"trawlers","DNK",1,2016
"403",7881,2016-01-29,56.8,11.8,220138000,1.18986111111111,"trawlers","DNK",1,2016
"404",7882,2016-01-29,56.8,11.7,220138000,8.18236111111111,"trawlers","DNK",1,2016
"405",7883,2016-01-29,56.8,17.1,266346000,0.136111111111111,"trawlers","SWE",1,2016
"406",7895,2016-01-29,56.8,17.1,266353000,0.255972222222222,"trawlers","SWE",1,2016
"407",7896,2016-01-29,56.8,11.8,219001976,1.99680555555556,"trawlers","DNK",1,2016
"408",7897,2016-01-29,56.8,11.7,219001976,3.73916666666667,"trawlers","DNK",1,2016
"409",7904,2016-01-29,56.8,-7.5,226158000,2.39486111111111,"trawlers","FRA",1,2016
"410",7905,2016-01-29,56.8,11.7,220099000,3.77291666666667,"trawlers","DNK",1,2016
"411",7906,2016-01-29,56.8,11.8,220099000,0.777777777777778,"trawlers","DNK",1,2016
"412",7993,2016-01-29,56.9,-7.3,226158000,1.87041666666667,"trawlers","FRA",1,2016
"413",7996,2016-01-29,56.9,11.7,220099000,7.86513888888889,"trawlers","DNK",1,2016
"414",8131,2016-01-29,57,-7,226158000,1.79486111111111,"trawlers","FRA",1,2016
"415",8132,2016-01-29,57,-7.2,226158000,1.30333333333333,"trawlers","FRA",1,2016
"416",8133,2016-01-29,57,-6.9,226158000,1.56736111111111,"trawlers","FRA",1,2016
"417",8134,2016-01-29,57,-7.1,226158000,1.26555555555556,"trawlers","FRA",1,2016
"418",8138,2016-01-29,57,11.6,220099000,9.65041666666667,"trawlers","DNK",1,2016
"419",8253,2016-01-29,57.1,-7,226158000,1.03972222222222,"trawlers","FRA",1,2016
"420",8254,2016-01-29,57.1,-7.1,226158000,1.27722222222222,"trawlers","FRA",1,2016
"421",8483,2016-01-29,57.3,-2,233344000,1.05375,"trawlers","GBR",1,2016
"422",8484,2016-01-29,57.3,-1.9,233344000,10.0865277777778,"trawlers","GBR",1,2016
"423",8490,2016-01-29,57.3,-1.9,232007650,12.8608333333333,"trawlers","GBR",1,2016
"424",8491,2016-01-29,57.3,-1.8,232007650,0.281805555555556,"trawlers","GBR",1,2016
"425",8492,2016-01-29,57.3,-2,232007650,0.262222222222222,"trawlers","GBR",1,2016
"426",8578,2016-01-29,57.4,-1.8,232007650,9.59597222222223,"trawlers","GBR",1,2016
"427",8579,2016-01-29,57.4,-1.7,232007650,0.909305555555555,"trawlers","GBR",1,2016
"428",8639,2016-01-29,57.5,10.8,277354000,0.171944444444444,"trawlers","LTU",1,2016
"429",8643,2016-01-29,57.5,-1.9,235060281,0.860833333333333,"trawlers","GBR",1,2016
"430",8644,2016-01-29,57.5,-1.8,235060281,4.66930555555555,"trawlers","GBR",1,2016
"431",8654,2016-01-29,57.5,-1.8,235001280,1.56027777777778,"trawlers","GBR",1,2016
"432",8716,2016-01-29,57.6,-2,235060281,0.203888888888889,"trawlers","GBR",1,2016
"433",8717,2016-01-29,57.6,-1.8,235060281,1.86486111111111,"trawlers","GBR",1,2016
"434",8718,2016-01-29,57.6,-2.2,235060281,0.265,"trawlers","GBR",1,2016
"435",8719,2016-01-29,57.6,-1.9,235060281,3.13916666666667,"trawlers","GBR",1,2016
"436",8720,2016-01-29,57.6,-2.3,235060281,2.90986111111111,"trawlers","GBR",1,2016
"437",8725,2016-01-29,57.6,8.9,218162000,0.385833333333333,"trawlers","DEU",1,2016
"438",8726,2016-01-29,57.6,8.6,218162000,0.982916666666667,"trawlers","DEU",1,2016
"439",8736,2016-01-29,57.6,8.1,266274000,0.853472222222222,"trawlers","SWE",1,2016
"440",8737,2016-01-29,57.6,8,266274000,1.69805555555556,"trawlers","SWE",1,2016
"441",8738,2016-01-29,57.6,7.9,266274000,1.83402777777778,"trawlers","SWE",1,2016
"442",8739,2016-01-29,57.6,7.8,266274000,2.07625,"trawlers","SWE",1,2016
"443",8740,2016-01-29,57.6,7.7,266274000,1.36986111111111,"trawlers","SWE",1,2016
"444",8793,2016-01-29,57.7,8.5,219294000,1.81402777777778,"trawlers","DNK",1,2016
"445",8794,2016-01-29,57.7,8.4,219294000,0.940138888888889,"trawlers","DNK",1,2016
"446",8795,2016-01-29,57.7,8.6,219294000,1.62541666666667,"trawlers","DNK",1,2016
"447",8796,2016-01-29,57.7,-2.3,235060281,6.70375,"trawlers","GBR",1,2016
"448",8797,2016-01-29,57.7,-2.2,235060281,0.254444444444444,"trawlers","GBR",1,2016
"449",8798,2016-01-29,57.7,-2,235060281,0.513194444444444,"trawlers","GBR",1,2016
"450",8799,2016-01-29,57.7,-2.1,235060281,0.504583333333333,"trawlers","GBR",1,2016
"451",8806,2016-01-29,57.7,8.9,218162000,0.331666666666667,"trawlers","DEU",1,2016
"452",8807,2016-01-29,57.7,9,218162000,1.07972222222222,"trawlers","DEU",1,2016
"453",8808,2016-01-29,57.7,8.7,218162000,1.87638888888889,"trawlers","DEU",1,2016
"454",8809,2016-01-29,57.7,9.1,218162000,8.63763888888889,"trawlers","DEU",1,2016
"455",8818,2016-01-29,57.7,-2.1,235001280,6.61388888888889,"trawlers","GBR",1,2016
"456",8819,2016-01-29,57.7,-2.3,235001280,0.881388888888889,"trawlers","GBR",1,2016
"457",8820,2016-01-29,57.7,-2.2,235001280,1.17333333333333,"trawlers","GBR",1,2016
"458",8821,2016-01-29,57.7,-2,235001280,0.262361111111111,"trawlers","GBR",1,2016
"459",8887,2016-01-29,57.8,-2.5,235001670,0.557777777777778,"trawlers","GBR",1,2016
"460",8891,2016-01-29,57.8,-3,235001680,0.546805555555556,"trawlers","GBR",1,2016
"461",8892,2016-01-29,57.8,9.1,218162000,9.08888888888889,"trawlers","DEU",1,2016
"462",8893,2016-01-29,57.8,9,218162000,2.04722222222222,"trawlers","DEU",1,2016
"463",8908,2016-01-29,57.8,4.5,219108000,0.596111111111111,"trawlers","DNK",1,2016
"464",8909,2016-01-29,57.8,4.7,219108000,0.258472222222222,"trawlers","DNK",1,2016
"465",8910,2016-01-29,57.8,4.6,219108000,0.387222222222222,"trawlers","DNK",1,2016
"466",8959,2016-01-29,57.9,-2.6,235001670,0.262222222222222,"trawlers","GBR",1,2016
"467",8977,2016-01-29,57.9,-5.8,227588000,0.540555555555555,"fixed_gear","FRA",1,2016
"468",8978,2016-01-29,57.9,-5.9,227588000,0.785,"fixed_gear","FRA",1,2016
"469",8979,2016-01-29,57.9,-6,227588000,0.787361111111111,"fixed_gear","FRA",1,2016
"470",8980,2016-01-29,57.9,-5.9,232006820,0.256666666666667,"fixed_gear","GBR",1,2016
"471",8981,2016-01-29,57.9,-6.1,232006820,0.5275,"fixed_gear","GBR",1,2016
"472",8982,2016-01-29,57.9,-6,232006820,0.781111111111111,"fixed_gear","GBR",1,2016
"473",9028,2016-01-29,58,-3,235001650,0.257361111111111,"trawlers","GBR",1,2016
"474",9029,2016-01-29,58,-2.9,235001650,0.258472222222222,"trawlers","GBR",1,2016
"475",9032,2016-01-29,58,-6.3,218066000,7.32097222222222,"trawlers","DEU",1,2016
"476",9033,2016-01-29,58,-6.4,218066000,2.08486111111111,"trawlers","DEU",1,2016
"477",9034,2016-01-29,58,-6.2,245084000,1.29305555555556,"trawlers","NLD",1,2016
"478",9036,2016-01-29,58,8.2,259352000,1.57083333333333,"trawlers","NOR",1,2016
"479",9038,2016-01-29,58,-6.1,246274000,1.83916666666667,"trawlers","NLD",1,2016
"480",9082,2016-01-29,58.1,-3.2,235001650,1.03583333333333,"trawlers","GBR",1,2016
"481",9083,2016-01-29,58.1,-2.8,235001650,3.61513888888889,"trawlers","GBR",1,2016
"482",9084,2016-01-29,58.1,-2.9,235001650,2.87138888888889,"trawlers","GBR",1,2016
"483",9085,2016-01-29,58.1,-3.3,235001650,1.28791666666667,"trawlers","GBR",1,2016
"484",9086,2016-01-29,58.1,-3.4,235001650,3.37805555555556,"trawlers","GBR",1,2016
"485",9087,2016-01-29,58.1,-3.5,235001650,0.521527777777778,"trawlers","GBR",1,2016
"486",9088,2016-01-29,58.1,-2.8,235001670,0.374583333333333,"trawlers","GBR",1,2016
"487",9089,2016-01-29,58.1,-6.4,218066000,0.256527777777778,"trawlers","DEU",1,2016
"488",9090,2016-01-29,58.1,-6.3,218066000,2.375,"trawlers","DEU",1,2016
"489",9091,2016-01-29,58.1,-6.2,245084000,0.53375,"trawlers","NLD",1,2016
"490",9092,2016-01-29,58.1,-6,245084000,3.43111111111111,"trawlers","NLD",1,2016
"491",9093,2016-01-29,58.1,-6.1,245084000,1.30347222222222,"trawlers","NLD",1,2016
"492",9095,2016-01-29,58.1,-6.1,246274000,0.256666666666667,"trawlers","NLD",1,2016
"493",9096,2016-01-29,58.1,-6,246274000,2.52722222222222,"trawlers","NLD",1,2016
"494",9097,2016-01-29,58.1,-5.9,246274000,0.932222222222222,"trawlers","NLD",1,2016
"495",9163,2016-01-29,58.2,-3.4,235001650,0.535833333333333,"trawlers","GBR",1,2016
"496",9164,2016-01-29,58.2,-2.8,235001650,0.262361111111111,"trawlers","GBR",1,2016
"497",9165,2016-01-29,58.2,-3.5,235001650,0.53,"trawlers","GBR",1,2016
"498",9166,2016-01-29,58.2,-6.2,246429000,5.10013888888889,"trawlers","NLD",1,2016
"499",9167,2016-01-29,58.2,-6.2,244583000,4.72972222222222,"trawlers","NLD",1,2016
"500",9168,2016-01-29,58.2,-5.9,245084000,5.28486111111111,"trawlers","NLD",1,2016
"501",9169,2016-01-29,58.2,-6,245084000,3.73541666666667,"trawlers","NLD",1,2016
"502",9170,2016-01-29,58.2,-6.1,231132000,1.59194444444444,"trawlers","FRO",1,2016
"503",9171,2016-01-29,58.2,-5.9,231132000,2.92194444444444,"trawlers","FRO",1,2016
"504",9172,2016-01-29,58.2,-6,231132000,6.14277777777778,"trawlers","FRO",1,2016
"505",9173,2016-01-29,58.2,-5.8,231132000,0.268194444444444,"trawlers","FRO",1,2016
"506",9175,2016-01-29,58.2,-6.2,227302000,0.524861111111111,"trawlers","FRA",1,2016
"507",9176,2016-01-29,58.2,-5.9,227302000,1.05666666666667,"trawlers","FRA",1,2016
"508",9177,2016-01-29,58.2,-6.1,227302000,4.78916666666667,"trawlers","FRA",1,2016
"509",9178,2016-01-29,58.2,-6,227302000,3.98875,"trawlers","FRA",1,2016
"510",9179,2016-01-29,58.2,19.5,220482000,1.86777777777778,"trawlers","DNK",1,2016
"511",9180,2016-01-29,58.2,19.6,220482000,8.36777777777778,"trawlers","DNK",1,2016
"512",9181,2016-01-29,58.2,-5.9,246274000,1.85138888888889,"trawlers","NLD",1,2016
"513",9182,2016-01-29,58.2,-5.8,246274000,3.73055555555555,"trawlers","NLD",1,2016
"514",9185,2016-01-29,58.2,-6,231190000,3.16694444444444,"trawlers","FRO",1,2016
"515",9186,2016-01-29,58.2,-6.1,231190000,5.87375,"trawlers","FRO",1,2016
"516",9229,2016-01-29,58.3,-6.1,218325000,9.42222222222222,"trawlers","DEU",1,2016
"517",9230,2016-01-29,58.3,-6,218325000,6.23083333333333,"trawlers","DEU",1,2016
"518",9231,2016-01-29,58.3,-6.2,218325000,0.530416666666667,"trawlers","DEU",1,2016
"519",9234,2016-01-29,58.3,-6.1,246429000,2.25986111111111,"trawlers","NLD",1,2016
"520",9235,2016-01-29,58.3,-6.2,246429000,0.5275,"trawlers","NLD",1,2016
"521",9236,2016-01-29,58.3,-6,246429000,0.802638888888889,"trawlers","NLD",1,2016
"522",9237,2016-01-29,58.3,-6.1,218066000,1.86236111111111,"trawlers","DEU",1,2016
"523",9238,2016-01-29,58.3,-6.2,244583000,7.71708333333333,"trawlers","NLD",1,2016
"524",9239,2016-01-29,58.3,-6.1,244583000,10.4376388888889,"trawlers","NLD",1,2016
"525",9240,2016-01-29,58.3,-5.8,245084000,3.4275,"trawlers","NLD",1,2016
"526",9241,2016-01-29,58.3,-5.9,245084000,2.9075,"trawlers","NLD",1,2016
"527",9242,2016-01-29,58.3,-5.7,231132000,2.33180555555556,"trawlers","FRO",1,2016
"528",9243,2016-01-29,58.3,-5.8,231132000,1.37402777777778,"trawlers","FRO",1,2016
"529",9244,2016-01-29,58.3,-6.1,227302000,4.78291666666667,"trawlers","FRA",1,2016
"530",9245,2016-01-29,58.3,-6.2,227302000,3.05652777777778,"trawlers","FRA",1,2016
"531",9246,2016-01-29,58.3,-6,227302000,5.36069444444444,"trawlers","FRA",1,2016
"532",9253,2016-01-29,58.3,19.5,220482000,1.16902777777778,"trawlers","DNK",1,2016
"533",9254,2016-01-29,58.3,-5.9,246274000,2.76527777777778,"trawlers","NLD",1,2016
"534",9255,2016-01-29,58.3,-5.8,246274000,3.08083333333333,"trawlers","NLD",1,2016
"535",9259,2016-01-29,58.3,-5.9,231190000,1.03263888888889,"trawlers","FRO",1,2016
"536",9260,2016-01-29,58.3,-5.8,231190000,3.64402777777778,"trawlers","FRO",1,2016
"537",9261,2016-01-29,58.3,-6,231190000,0.256666666666667,"trawlers","FRO",1,2016
"538",9314,2016-01-29,58.4,-5.9,218325000,1.13652777777778,"trawlers","DEU",1,2016
"539",9315,2016-01-29,58.4,-5.8,218325000,0.44125,"trawlers","DEU",1,2016
"540",9316,2016-01-29,58.4,-6.2,218325000,0.396944444444444,"trawlers","DEU",1,2016
"541",9317,2016-01-29,58.4,-6.1,218325000,1.98347222222222,"trawlers","DEU",1,2016
"542",9318,2016-01-29,58.4,-6,218325000,2.38319444444444,"trawlers","DEU",1,2016
"543",9319,2016-01-29,58.4,-6.2,235003400,8.23430555555556,"fixed_gear","GBR",1,2016
"544",9320,2016-01-29,58.4,-6.1,235003400,1.97,"fixed_gear","GBR",1,2016
"545",9326,2016-01-29,58.4,-6.1,218066000,3.16916666666667,"trawlers","DEU",1,2016
"546",9327,2016-01-29,58.4,-6.1,244583000,1.33416666666667,"trawlers","NLD",1,2016
"547",9328,2016-01-29,58.4,-5.9,245084000,0.291666666666667,"trawlers","NLD",1,2016
"548",9329,2016-01-29,58.4,-5.6,231132000,0.653055555555556,"trawlers","FRO",1,2016
"549",9330,2016-01-29,58.4,-5.7,231132000,2.04013888888889,"trawlers","FRO",1,2016
"550",9331,2016-01-29,58.4,-6,227302000,0.269444444444444,"trawlers","FRA",1,2016
"551",9332,2016-01-29,58.4,5.7,257254000,0.800277777777778,"trawlers","NOR",1,2016
"552",9333,2016-01-29,58.4,5.6,257254000,1.86680555555556,"trawlers","NOR",1,2016
"553",9334,2016-01-29,58.4,5.5,257254000,0.550138888888889,"trawlers","NOR",1,2016
"554",9340,2016-01-29,58.4,-6,246274000,0.269583333333333,"trawlers","NLD",1,2016
"555",9341,2016-01-29,58.4,-5.9,246274000,5.05041666666667,"trawlers","NLD",1,2016
"556",9343,2016-01-29,58.4,-5.6,231190000,0.566388888888889,"trawlers","FRO",1,2016
"557",9344,2016-01-29,58.4,-5.8,231190000,0.259583333333333,"trawlers","FRO",1,2016
"558",9345,2016-01-29,58.4,-5.7,231190000,2.37402777777778,"trawlers","FRO",1,2016
"559",9414,2016-01-29,58.5,-5.8,218325000,0.783611111111111,"trawlers","DEU",1,2016
"560",9415,2016-01-29,58.5,-5.7,218325000,0.937361111111111,"trawlers","DEU",1,2016
"561",9421,2016-01-29,58.5,-5.7,231132000,0.525833333333333,"trawlers","FRO",1,2016
"562",9422,2016-01-29,58.5,-5.6,231132000,2.58888888888889,"trawlers","FRO",1,2016
"563",9423,2016-01-29,58.5,5.7,257254000,0.490972222222222,"trawlers","NOR",1,2016
"564",9424,2016-01-29,58.5,5.5,257254000,0.725138888888889,"trawlers","NOR",1,2016
"565",9425,2016-01-29,58.5,-5.7,231190000,0.511527777777778,"trawlers","FRO",1,2016
"566",9426,2016-01-29,58.5,-5.6,231190000,2.60666666666667,"trawlers","FRO",1,2016
"567",9481,2016-01-29,58.6,-2.7,235082771,2.60694444444444,"trawlers","GBR",1,2016
"568",9482,2016-01-29,58.6,5.3,257619000,1.82944444444444,"trawlers","NOR",1,2016
"569",9483,2016-01-29,58.6,5.4,257619000,2.34527777777778,"trawlers","NOR",1,2016
"570",9484,2016-01-29,58.6,-5.5,231132000,10.9604166666667,"trawlers","FRO",1,2016
"571",9485,2016-01-29,58.6,17.1,265757320,1.60430555555556,"trawlers","SWE",1,2016
"572",9486,2016-01-29,58.6,17,265757320,1.09861111111111,"trawlers","SWE",1,2016
"573",9487,2016-01-29,58.6,9.6,219013538,1.05013888888889,"trawlers","DNK",1,2016
"574",9488,2016-01-29,58.6,9.7,219013538,2.65902777777778,"trawlers","DNK",1,2016
"575",9489,2016-01-29,58.6,-5.5,231190000,1.09652777777778,"trawlers","FRO",1,2016
"576",9560,2016-01-29,58.7,-2.8,235082771,5.3825,"trawlers","GBR",1,2016
"577",9561,2016-01-29,58.7,-2.9,235082771,10.2065277777778,"trawlers","GBR",1,2016
"578",9562,2016-01-29,58.7,-2.7,235082771,5.13375,"trawlers","GBR",1,2016
"579",9563,2016-01-29,58.7,-2.9,235030641,15.6536111111111,"trawlers","GBR",1,2016
"580",9564,2016-01-29,58.7,-2.8,235030641,3.09694444444444,"trawlers","GBR",1,2016
"581",9565,2016-01-29,58.7,-3,235030641,4.01041666666667,"trawlers","GBR",1,2016
"582",9566,2016-01-29,58.7,9.7,219013538,1.60444444444444,"trawlers","DNK",1,2016
"583",9567,2016-01-29,58.7,9.9,219013538,2.48055555555556,"trawlers","DNK",1,2016
"584",9568,2016-01-29,58.7,9.8,219013538,8.08902777777778,"trawlers","DNK",1,2016
"585",9628,2016-01-29,58.8,-2.9,235030641,0.273888888888889,"trawlers","GBR",1,2016
"586",9629,2016-01-29,58.8,9.8,219013538,1.19472222222222,"trawlers","DNK",1,2016
"587",9630,2016-01-29,58.8,9.9,219013538,0.554166666666667,"trawlers","DNK",1,2016
"588",9744,2016-01-29,59,-2.6,235001390,0.265,"trawlers","GBR",1,2016
"589",9745,2016-01-29,59,-2.5,235001390,1.32,"trawlers","GBR",1,2016
"590",9813,2016-01-29,59.1,-2.6,235001390,2.46666666666667,"trawlers","GBR",1,2016
"591",9814,2016-01-29,59.1,-2.5,235001390,3.43263888888889,"trawlers","GBR",1,2016
"592",9815,2016-01-29,59.1,-7.4,228205800,8.28347222222222,"trawlers","FRA",1,2016
"593",9888,2016-01-29,59.2,-2.8,232005120,3.64013888888889,"fixed_gear","GBR",1,2016
"594",9889,2016-01-29,59.2,-2.9,232005120,2.76138888888889,"fixed_gear","GBR",1,2016
"595",9890,2016-01-29,59.2,-2.9,232746000,8.31861111111111,"trawlers","GBR",1,2016
"596",9891,2016-01-29,59.2,-2.8,232746000,6.49375,"trawlers","GBR",1,2016
"597",9892,2016-01-29,59.2,-2.3,235001390,0.263888888888889,"trawlers","GBR",1,2016
"598",9893,2016-01-29,59.2,-2.9,232006830,0.797222222222222,"fixed_gear","GBR",1,2016
"599",9894,2016-01-29,59.2,-2.8,232006830,4.83486111111111,"fixed_gear","GBR",1,2016
"600",9895,2016-01-29,59.2,-2.7,232006830,0.787916666666667,"fixed_gear","GBR",1,2016
"601",10002,2016-01-29,59.3,-2.9,232005120,1.31472222222222,"fixed_gear","GBR",1,2016
"602",10003,2016-01-29,59.3,-2.8,232005120,1.81444444444444,"fixed_gear","GBR",1,2016
"603",10004,2016-01-29,59.3,-2.8,232746000,2.57430555555556,"trawlers","GBR",1,2016
"604",10005,2016-01-29,59.3,-2.9,232746000,4.63916666666667,"trawlers","GBR",1,2016
"605",10006,2016-01-29,59.3,-2.2,235001390,0.262361111111111,"trawlers","GBR",1,2016
"606",10007,2016-01-29,59.3,-2.3,235001390,0.264027777777778,"trawlers","GBR",1,2016
"607",10098,2016-01-29,59.4,-6.7,228206600,3.22222222222222,"trawlers","FRA",1,2016
"608",10099,2016-01-29,59.4,-6.9,228206600,9.04388888888889,"trawlers","FRA",1,2016
"609",10100,2016-01-29,59.4,-6.4,228206600,10.6563888888889,"trawlers","FRA",1,2016
"610",10101,2016-01-29,59.4,-6.6,228206600,3.24180555555556,"trawlers","FRA",1,2016
"611",10102,2016-01-29,59.4,-6.8,228205800,1.62291666666667,"trawlers","FRA",1,2016
"612",10103,2016-01-29,59.4,-6.9,228205800,6.40305555555556,"trawlers","FRA",1,2016
"613",10177,2016-01-29,59.5,-3.4,235004230,0.778888888888889,"trawlers","GBR",1,2016
"614",10178,2016-01-29,59.5,25.2,276643000,0.600416666666667,"trawlers","EST",1,2016
"615",10179,2016-01-29,59.5,25.3,276643000,0.85875,"trawlers","EST",1,2016
"616",10250,2016-01-29,59.6,-3.1,235004230,0.775,"trawlers","GBR",1,2016
"617",10251,2016-01-29,59.6,-3.3,235004230,0.508472222222222,"trawlers","GBR",1,2016
"618",10252,2016-01-29,59.6,-2.9,235004230,0.52125,"trawlers","GBR",1,2016
"619",10253,2016-01-29,59.6,-3.4,235004230,0.516805555555556,"trawlers","GBR",1,2016
"620",10254,2016-01-29,59.6,-3.2,235004230,0.770555555555556,"trawlers","GBR",1,2016
"621",10255,2016-01-29,59.6,-3,235004230,0.770694444444444,"trawlers","GBR",1,2016
"622",10256,2016-01-29,59.6,25.2,276643000,1.89513888888889,"trawlers","EST",1,2016
"623",10257,2016-01-29,59.6,25.1,276643000,0.289305555555556,"trawlers","EST",1,2016
"624",10333,2016-01-29,59.7,-3.3,235004230,2.63847222222222,"trawlers","GBR",1,2016
"625",10334,2016-01-29,59.7,-3.2,235004230,3.10472222222222,"trawlers","GBR",1,2016
"626",10335,2016-01-29,59.7,-2.9,235004230,0.259444444444444,"trawlers","GBR",1,2016
"627",10336,2016-01-29,59.7,-3.4,235004230,0.786527777777778,"trawlers","GBR",1,2016
"628",10397,2016-01-29,59.8,-3.1,235004230,1.8125,"trawlers","GBR",1,2016
"629",10398,2016-01-29,59.8,-3,235004230,0.535277777777778,"trawlers","GBR",1,2016
"630",10399,2016-01-29,59.8,-3.2,235004230,0.781666666666667,"trawlers","GBR",1,2016
"631",10464,2016-01-29,59.9,-3,235004230,0.782777777777778,"trawlers","GBR",1,2016
"632",10465,2016-01-29,59.9,-2.9,235004230,0.253333333333333,"trawlers","GBR",1,2016
"633",10508,2016-01-29,60,-3.2,258174000,1.05125,"fixed_gear","NOR",1,2016
"634",10509,2016-01-29,60,-3.3,258174000,0.262777777777778,"fixed_gear","NOR",1,2016
"635",10510,2016-01-29,60,-1.2,259329000,14.2361111111111,"fixed_gear","NOR",1,2016
"636",10511,2016-01-29,60,-1.1,259329000,7.51791666666666,"fixed_gear","NOR",1,2016
"637",10547,2016-01-29,60.1,-47,331519000,2.70875,"fixed_gear","GRL",1,2016
"638",10548,2016-01-29,60.1,-47.4,331519000,1.27875,"fixed_gear","GRL",1,2016
"639",10549,2016-01-29,60.1,-47.3,331519000,1.20583333333333,"fixed_gear","GRL",1,2016
"640",10550,2016-01-29,60.1,-47.1,331519000,5.28347222222222,"fixed_gear","GRL",1,2016
"641",10551,2016-01-29,60.1,-47.2,331519000,2.27708333333333,"fixed_gear","GRL",1,2016
"642",10552,2016-01-29,60.1,-3.4,258174000,0.523194444444444,"fixed_gear","NOR",1,2016
"643",10553,2016-01-29,60.1,-3.1,258174000,1.3,"fixed_gear","NOR",1,2016
"644",10554,2016-01-29,60.1,-3.2,258174000,17.14375,"fixed_gear","NOR",1,2016
"645",10555,2016-01-29,60.1,-3.3,258174000,2.3575,"fixed_gear","NOR",1,2016
"646",10557,2016-01-29,60.1,-7.8,251407000,1.12888888888889,"trawlers","ISL",1,2016
"647",10558,2016-01-29,60.1,-47.2,331277000,3.18708333333333,"fixed_gear","GRL",1,2016
"648",10559,2016-01-29,60.1,-47.4,331277000,1.17861111111111,"fixed_gear","GRL",1,2016
"649",10560,2016-01-29,60.1,-47.3,331277000,8.63069444444444,"fixed_gear","GRL",1,2016
"650",10607,2016-01-29,60.2,-3.2,258174000,0.251805555555556,"fixed_gear","NOR",1,2016
"651",10608,2016-01-29,60.2,-3.1,258174000,0.52,"fixed_gear","NOR",1,2016
"652",10609,2016-01-29,60.2,-7.8,251407000,2.39694444444444,"trawlers","ISL",1,2016
"653",10610,2016-01-29,60.2,-47.3,331277000,1.88097222222222,"fixed_gear","GRL",1,2016
"654",10661,2016-01-29,60.3,-7.7,251072000,0.281111111111111,"trawlers","ISL",1,2016
"655",10662,2016-01-29,60.3,-47.2,331277000,2.42944444444444,"fixed_gear","GRL",1,2016
"656",10663,2016-01-29,60.3,-47.1,331277000,1.94861111111111,"fixed_gear","GRL",1,2016
"657",10713,2016-01-29,60.4,-7.6,251072000,0.281111111111111,"trawlers","ISL",1,2016
"658",10714,2016-01-29,60.4,-6.6,231199000,9.05083333333333,"trawlers","FRO",1,2016
"659",10730,2016-01-29,60.4,-6.6,231191000,7.43347222222222,"trawlers","FRO",1,2016
"660",10790,2016-01-29,60.5,-6.1,259474000,3.19486111111111,"fixed_gear","NOR",1,2016
"661",10791,2016-01-29,60.5,-6.2,259474000,8.45277777777778,"fixed_gear","NOR",1,2016
"662",10845,2016-01-29,60.6,-6.7,231199000,3.2,"trawlers","FRO",1,2016
"663",10846,2016-01-29,60.6,-7.9,251407000,3.23263888888889,"trawlers","ISL",1,2016
"664",10847,2016-01-29,60.6,-9.7,231181000,7.48097222222222,"fixed_gear","FRO",1,2016
"665",10848,2016-01-29,60.6,-9.6,231181000,1.61347222222222,"fixed_gear","FRO",1,2016
"666",10893,2016-01-29,60.7,18,266101000,1.16708333333333,"trawlers","SWE",1,2016
"667",10894,2016-01-29,60.7,18.1,266101000,3.44638888888889,"trawlers","SWE",1,2016
"668",10895,2016-01-29,60.7,-6.1,259474000,2.42472222222222,"fixed_gear","NOR",1,2016
"669",10896,2016-01-29,60.7,-4.6,273810100,7.42527777777778,"trawlers","RUS",1,2016
"670",10897,2016-01-29,60.7,-9.5,231181000,4.75430555555556,"fixed_gear","FRO",1,2016
"671",10925,2016-01-29,60.8,18,266101000,4.26902777777778,"trawlers","SWE",1,2016
"672",10926,2016-01-29,60.8,18.6,265759000,3.37986111111111,"trawlers","SWE",1,2016
"673",10927,2016-01-29,60.8,-5.7,259474000,1.62736111111111,"fixed_gear","NOR",1,2016
"674",10928,2016-01-29,60.8,-5.8,259474000,8.23208333333333,"fixed_gear","NOR",1,2016
"675",10929,2016-01-29,60.8,-4.6,273810100,6.415,"trawlers","RUS",1,2016
"676",10930,2016-01-29,60.8,-9.5,231181000,10.7251388888889,"fixed_gear","FRO",1,2016
"677",10969,2016-01-29,60.9,-5.5,231145000,12.3561111111111,"fixed_gear","FRO",1,2016
"678",10970,2016-01-29,60.9,-5.7,231145000,3.19430555555556,"fixed_gear","FRO",1,2016
"679",10971,2016-01-29,60.9,-5.6,231145000,3.19458333333333,"fixed_gear","FRO",1,2016
"680",10972,2016-01-29,60.9,-49,331142000,3.17083333333333,"trawlers","GRL",1,2016
"681",10973,2016-01-29,60.9,-48.8,331142000,0.86,"trawlers","GRL",1,2016
"682",10974,2016-01-29,60.9,-48.9,331142000,5.27069444444444,"trawlers","GRL",1,2016
"683",10975,2016-01-29,60.9,-7.4,251407000,2.43819444444444,"trawlers","ISL",1,2016
"684",10976,2016-01-29,60.9,-4.6,273810100,6.63527777777778,"trawlers","RUS",1,2016
"685",11035,2016-01-29,61,-49.1,331142000,0.809444444444444,"trawlers","GRL",1,2016
"686",11036,2016-01-29,61,-49.2,331142000,1.64236111111111,"trawlers","GRL",1,2016
"687",11037,2016-01-29,61,-48.8,331142000,2.15166666666667,"trawlers","GRL",1,2016
"688",11038,2016-01-29,61,-4.6,273810100,3.24166666666667,"trawlers","RUS",1,2016
"689",11089,2016-01-29,61.1,-7.3,251407000,1.56722222222222,"trawlers","ISL",1,2016
"690",11090,2016-01-29,61.1,-7.4,251407000,2.57416666666667,"trawlers","ISL",1,2016
"691",11154,2016-01-29,61.2,-7.8,273332560,8.1325,"trawlers","RUS",1,2016
"692",11155,2016-01-29,61.2,-7.7,273332560,6.45333333333333,"trawlers","RUS",1,2016
"693",11203,2016-01-29,61.3,-6.1,231199000,2.98138888888889,"trawlers","FRO",1,2016
"694",11204,2016-01-29,61.3,-6.2,231199000,1.06513888888889,"trawlers","FRO",1,2016
"695",11205,2016-01-29,61.3,-6.5,273459510,1.27013888888889,"trawlers","RUS",1,2016
"696",11206,2016-01-29,61.3,-6.6,273459510,0.527222222222222,"trawlers","RUS",1,2016
"697",11207,2016-01-29,61.3,-4.9,231164000,2.39263888888889,"trawlers","FRO",1,2016
"698",11208,2016-01-29,61.3,-4.9,231163000,5.59458333333333,"trawlers","FRO",1,2016
"699",11209,2016-01-29,61.3,-5,231163000,1.63333333333333,"trawlers","FRO",1,2016
"700",11244,2016-01-29,61.4,-6.6,231199000,0.252222222222222,"trawlers","FRO",1,2016
"701",11245,2016-01-29,61.4,-6.4,231134000,2.37569444444444,"fixed_gear","FRO",1,2016
"702",11246,2016-01-29,61.4,-6.6,231134000,0.771527777777778,"fixed_gear","FRO",1,2016
"703",11247,2016-01-29,61.4,-6.7,231134000,4.97319444444445,"fixed_gear","FRO",1,2016
"704",11248,2016-01-29,61.4,-6.6,273459510,0.259444444444444,"trawlers","RUS",1,2016
"705",11249,2016-01-29,61.4,-6.5,273459510,0.514722222222222,"trawlers","RUS",1,2016
"706",11250,2016-01-29,61.4,-6.5,273259100,1.91944444444444,"trawlers","RUS",1,2016
"707",11251,2016-01-29,61.4,-6.6,273259100,9.00597222222222,"trawlers","RUS",1,2016
"708",11252,2016-01-29,61.4,-4.9,231164000,2.42375,"trawlers","FRO",1,2016
"709",11253,2016-01-29,61.4,-4.8,231164000,8.23819444444444,"trawlers","FRO",1,2016
"710",11254,2016-01-29,61.4,-4.9,231163000,1.60041666666667,"trawlers","FRO",1,2016
"711",11255,2016-01-29,61.4,-6.6,231191000,3.17652777777778,"trawlers","FRO",1,2016
"712",11256,2016-01-29,61.4,-6.7,231191000,0.576388888888889,"trawlers","FRO",1,2016
"713",11290,2016-01-29,61.5,-6.4,231134000,3.46027777777778,"fixed_gear","FRO",1,2016
"714",11291,2016-01-29,61.5,-6.6,231134000,1.05027777777778,"fixed_gear","FRO",1,2016
"715",11292,2016-01-29,61.5,-6.5,231134000,0.265,"fixed_gear","FRO",1,2016
"716",11293,2016-01-29,61.5,-6.6,273259100,2.37319444444444,"trawlers","RUS",1,2016
"717",11294,2016-01-29,61.5,-4.9,231164000,2.38638888888889,"trawlers","FRO",1,2016
"718",11295,2016-01-29,61.5,-4.9,231163000,5.10208333333333,"trawlers","FRO",1,2016
"719",11296,2016-01-29,61.5,-5.3,231163000,7.38486111111111,"trawlers","FRO",1,2016
"720",11297,2016-01-29,61.5,-6.7,251407000,1.11194444444444,"trawlers","ISL",1,2016
"721",11333,2016-01-29,61.6,-5.2,231164000,2.52555555555556,"trawlers","FRO",1,2016
"722",11334,2016-01-29,61.6,-6.1,231004000,1.96263888888889,"fixed_gear","FRO",1,2016
"723",11335,2016-01-29,61.6,-6.4,231004000,0.505416666666667,"fixed_gear","FRO",1,2016
"724",11336,2016-01-29,61.6,-6,231004000,0.554444444444444,"fixed_gear","FRO",1,2016
"725",11337,2016-01-29,61.6,-6.3,231004000,6.03333333333333,"fixed_gear","FRO",1,2016
"726",11338,2016-01-29,61.6,-6.2,231004000,1.96125,"fixed_gear","FRO",1,2016
"727",11339,2016-01-29,61.6,-5.9,231236000,1.24027777777778,"trawlers","FRO",1,2016
"728",11367,2016-01-29,61.7,-6.2,231004000,2.61375,"fixed_gear","FRO",1,2016
"729",11368,2016-01-29,61.7,-6.3,231004000,5.8625,"fixed_gear","FRO",1,2016
"730",11369,2016-01-29,61.7,-5.9,231236000,7.18875,"trawlers","FRO",1,2016
"731",11370,2016-01-29,61.7,-6,231236000,3.72847222222222,"trawlers","FRO",1,2016
"732",11371,2016-01-29,61.7,-5.9,231534000,2.51069444444444,"trawlers","FRO",1,2016
"733",11372,2016-01-29,61.7,-6,231534000,4.75611111111111,"trawlers","FRO",1,2016
"734",11373,2016-01-29,61.7,-5,231031000,6.69055555555556,"trawlers","FRO",1,2016
"735",11374,2016-01-29,61.7,-4.9,231031000,0.770416666666667,"trawlers","FRO",1,2016
"736",11375,2016-01-29,61.7,-4.9,231030000,7.51069444444444,"trawlers","FRO",1,2016
"737",11418,2016-01-29,61.8,-0.5,227360000,9.0625,"trawlers","FRA",1,2016
"738",11419,2016-01-29,61.8,-0.6,227360000,12.2640277777778,"trawlers","FRA",1,2016
"739",11420,2016-01-29,61.8,-8.1,231167000,4.81527777777778,"fixed_gear","FRO",1,2016
"740",11421,2016-01-29,61.8,-7.8,231167000,6.87236111111111,"fixed_gear","FRO",1,2016
"741",11422,2016-01-29,61.8,-6.5,273459510,0.184444444444444,"trawlers","RUS",1,2016
"742",11423,2016-01-29,61.8,-4.9,231031000,1.58777777777778,"trawlers","FRO",1,2016
"743",11424,2016-01-29,61.8,-4.9,231030000,1.57902777777778,"trawlers","FRO",1,2016
"744",11504,2016-01-29,61.9,-8,231167000,8.23222222222222,"fixed_gear","FRO",1,2016
"745",11505,2016-01-29,61.9,-4.7,231031000,0.875138888888889,"trawlers","FRO",1,2016
"746",11506,2016-01-29,61.9,-4.8,231031000,5.82902777777778,"trawlers","FRO",1,2016
"747",11507,2016-01-29,61.9,-4.9,231031000,3.98333333333333,"trawlers","FRO",1,2016
"748",11508,2016-01-29,61.9,-4.8,231030000,7.43583333333333,"trawlers","FRO",1,2016
"749",11509,2016-01-29,61.9,-4.9,231030000,1.63069444444444,"trawlers","FRO",1,2016
"750",11572,2016-01-29,62,-6.7,231316000,0.989444444444444,"trawlers","FRO",1,2016
"751",11573,2016-01-29,62,-4.7,231031000,4.03805555555556,"trawlers","FRO",1,2016
"752",11574,2016-01-29,62,-5,231030000,1.61055555555556,"trawlers","FRO",1,2016
"753",11575,2016-01-29,62,-4.7,231030000,2.43125,"trawlers","FRO",1,2016
"754",11576,2016-01-29,62,-4.9,231030000,2.37430555555556,"trawlers","FRO",1,2016
"755",11689,2016-01-29,62.1,-4.3,231027000,0.8,"trawlers","FRO",1,2016
"756",11690,2016-01-29,62.1,-3.8,231090000,8.23680555555556,"trawlers","FRO",1,2016
"757",11691,2016-01-29,62.1,-3.8,231084000,3.27069444444444,"trawlers","FRO",1,2016
"758",11857,2016-01-29,62.2,21,230983690,0.256111111111111,"trawlers","FIN",1,2016
"759",11858,2016-01-29,62.2,20.9,230983690,0.500277777777778,"trawlers","FIN",1,2016
"760",11859,2016-01-29,62.2,-4.6,231327000,0.8175,"trawlers","FRO",1,2016
"761",11860,2016-01-29,62.2,-4.4,231327000,1.63027777777778,"trawlers","FRO",1,2016
"762",11861,2016-01-29,62.2,-4.4,231326000,2.41375,"trawlers","FRO",1,2016
"763",11862,2016-01-29,62.2,-4.3,231027000,3.20347222222222,"trawlers","FRO",1,2016
"764",11863,2016-01-29,62.2,-4.2,231027000,3.19666666666667,"trawlers","FRO",1,2016
"765",11864,2016-01-29,62.2,-3.9,231090000,0.801111111111111,"trawlers","FRO",1,2016
"766",11865,2016-01-29,62.2,-4.3,231022000,11.9748611111111,"trawlers","FRO",1,2016
"767",11866,2016-01-29,62.2,-3.9,231084000,1.61416666666667,"trawlers","FRO",1,2016
"768",11954,2016-01-29,62.3,-4.3,231327000,1.58083333333333,"trawlers","FRO",1,2016
"769",11955,2016-01-29,62.3,-4.5,231327000,8.26930555555555,"trawlers","FRO",1,2016
"770",11956,2016-01-29,62.3,-4.5,231326000,7.38763888888889,"trawlers","FRO",1,2016
"771",11957,2016-01-29,62.3,-4.3,231326000,1.61236111111111,"trawlers","FRO",1,2016
"772",11958,2016-01-29,62.3,-4.8,231326000,3.20680555555556,"trawlers","FRO",1,2016
"773",11959,2016-01-29,62.3,-4.3,231027000,1.64625,"trawlers","FRO",1,2016
"774",11960,2016-01-29,62.3,-4.6,231027000,7.45680555555556,"trawlers","FRO",1,2016
"775",11961,2016-01-29,62.3,-4.5,231027000,1.57833333333333,"trawlers","FRO",1,2016
"776",11962,2016-01-29,62.3,-4.6,231022000,8.21708333333333,"trawlers","FRO",1,2016
"777",11963,2016-01-29,62.3,-4.5,231022000,3.21986111111111,"trawlers","FRO",1,2016
"778",11964,2016-01-29,62.3,-4,231084000,2.42625,"trawlers","FRO",1,2016
"779",11965,2016-01-29,62.3,-4.2,231084000,9.04277777777778,"trawlers","FRO",1,2016
"780",12037,2016-01-29,62.4,-5,231326000,8.28986111111111,"trawlers","FRO",1,2016
"781",12038,2016-01-29,62.4,-7.8,231343000,1.60375,"fixed_gear","FRO",1,2016
"782",12039,2016-01-29,62.4,-4.3,231084000,8.20097222222222,"trawlers","FRO",1,2016
"783",12040,2016-01-29,62.4,-6.9,231115000,3.27666666666667,"fixed_gear","FRO",1,2016
"784",12168,2016-01-29,62.5,-7.4,231343000,1.60638888888889,"fixed_gear","FRO",1,2016
"785",12169,2016-01-29,62.5,-7.9,231343000,8.26111111111111,"fixed_gear","FRO",1,2016
"786",12170,2016-01-29,62.5,-7.3,231343000,7.43680555555556,"fixed_gear","FRO",1,2016
"787",12171,2016-01-29,62.5,-7.7,231343000,1.62069444444444,"fixed_gear","FRO",1,2016
"788",12172,2016-01-29,62.5,-7.8,231343000,4.02902777777778,"fixed_gear","FRO",1,2016
"789",12173,2016-01-29,62.5,-7.3,231115000,3.19513888888889,"fixed_gear","FRO",1,2016
"790",12174,2016-01-29,62.5,-7.2,231115000,7.87194444444444,"fixed_gear","FRO",1,2016
"791",12253,2016-01-29,62.6,-7.3,231115000,2.72902777777778,"fixed_gear","FRO",1,2016
"792",12302,2016-01-29,62.7,5.6,259421000,1.81652777777778,"trawlers","NOR",1,2016
"793",12303,2016-01-29,62.7,5.5,259421000,0.808333333333333,"trawlers","NOR",1,2016
"794",12304,2016-01-29,62.7,5.8,259421000,1.02180555555556,"trawlers","NOR",1,2016
"795",12305,2016-01-29,62.7,5.7,259421000,3.08333333333333,"trawlers","NOR",1,2016
"796",12353,2016-01-29,62.8,5.8,259421000,0.5125,"trawlers","NOR",1,2016
"797",12354,2016-01-29,62.8,5.6,259421000,1.30194444444444,"trawlers","NOR",1,2016
"798",12522,2016-01-29,63.1,-20.8,251427000,1.57597222222222,"trawlers","ISL",1,2016
"799",12523,2016-01-29,63.1,-20.9,251427000,1.04097222222222,"trawlers","ISL",1,2016
"800",12524,2016-01-29,63.1,-20.7,251427000,0.522083333333333,"trawlers","ISL",1,2016
"801",12525,2016-01-29,63.1,-21.2,251427000,0.268888888888889,"trawlers","ISL",1,2016
"802",12526,2016-01-29,63.1,-21.1,251427000,0.776388888888889,"trawlers","ISL",1,2016
"803",12527,2016-01-29,63.1,-21,251427000,0.666111111111111,"trawlers","ISL",1,2016
"804",12528,2016-01-29,63.1,-21.2,251141110,1.74,"trawlers","ISL",1,2016
"805",12529,2016-01-29,63.1,-20.8,251141110,2.76875,"trawlers","ISL",1,2016
"806",12530,2016-01-29,63.1,-21,251141110,3.06486111111111,"trawlers","ISL",1,2016
"807",12531,2016-01-29,63.1,-21.3,251141110,1.86930555555556,"trawlers","ISL",1,2016
"808",12532,2016-01-29,63.1,-20.9,251141110,3.12986111111111,"trawlers","ISL",1,2016
"809",12533,2016-01-29,63.1,-20.7,251141110,2.81958333333333,"trawlers","ISL",1,2016
"810",12534,2016-01-29,63.1,-21.1,251141110,3.34277777777778,"trawlers","ISL",1,2016
"811",12535,2016-01-29,63.1,-21.4,251141110,2.30444444444444,"trawlers","ISL",1,2016
"812",12536,2016-01-29,63.1,-20.6,251141110,1.46819444444444,"trawlers","ISL",1,2016
"813",12569,2016-01-29,63.2,-19.1,251482000,2.765,"fixed_gear","ISL",1,2016
"814",12570,2016-01-29,63.2,-19.2,251482000,3.75083333333333,"fixed_gear","ISL",1,2016
"815",12571,2016-01-29,63.2,-19,251482000,2.2,"fixed_gear","ISL",1,2016
"816",12572,2016-01-29,63.2,-21.1,251427000,2.04486111111111,"trawlers","ISL",1,2016
"817",12573,2016-01-29,63.2,-21.2,251427000,1.61375,"trawlers","ISL",1,2016
"818",12574,2016-01-29,63.2,-21.5,251427000,1.06111111111111,"trawlers","ISL",1,2016
"819",12575,2016-01-29,63.2,-20.8,251427000,2.91944444444445,"trawlers","ISL",1,2016
"820",12576,2016-01-29,63.2,-20.6,251427000,0.240138888888889,"trawlers","ISL",1,2016
"821",12577,2016-01-29,63.2,-21,251427000,3.41180555555556,"trawlers","ISL",1,2016
"822",12578,2016-01-29,63.2,-21.6,251427000,0.522361111111111,"trawlers","ISL",1,2016
"823",12579,2016-01-29,63.2,-21.3,251427000,0.777916666666667,"trawlers","ISL",1,2016
"824",12580,2016-01-29,63.2,-20.7,251427000,1.84736111111111,"trawlers","ISL",1,2016
"825",12581,2016-01-29,63.2,-21.4,251427000,0.523611111111111,"trawlers","ISL",1,2016
"826",12582,2016-01-29,63.2,-20.9,251427000,3.65513888888889,"trawlers","ISL",1,2016
"827",12583,2016-01-29,63.2,-10.3,231106000,9.84583333333333,"trawlers","FRO",1,2016
"828",12584,2016-01-29,63.2,-10.2,231106000,8.23875,"trawlers","FRO",1,2016
"829",12585,2016-01-29,63.2,-10.3,231105000,10.7502777777778,"trawlers","FRO",1,2016
"830",12586,2016-01-29,63.2,-10.2,231105000,8.14208333333333,"trawlers","FRO",1,2016
"831",12587,2016-01-29,63.2,-21.2,251141110,0.738333333333333,"trawlers","ISL",1,2016
"832",12588,2016-01-29,63.2,-21.1,251141110,0.129583333333333,"trawlers","ISL",1,2016
"833",12589,2016-01-29,63.2,-21.3,251141110,0.2525,"trawlers","ISL",1,2016
"834",12634,2016-01-29,63.3,-19.9,251125000,1.42444444444444,"trawlers","ISL",1,2016
"835",12635,2016-01-29,63.3,-20,251125000,0.807222222222222,"trawlers","ISL",1,2016
"836",12636,2016-01-29,63.3,-21,251031110,3.56694444444445,"trawlers","ISL",1,2016
"837",12637,2016-01-29,63.3,-21.1,251031110,1.05027777777778,"trawlers","ISL",1,2016
"838",12638,2016-01-29,63.3,-21.2,251031110,0.267916666666667,"trawlers","ISL",1,2016
"839",12639,2016-01-29,63.3,-19.5,251482000,1.55111111111111,"fixed_gear","ISL",1,2016
"840",12640,2016-01-29,63.3,-19.8,251482000,0.5325,"fixed_gear","ISL",1,2016
"841",12641,2016-01-29,63.3,-19.4,251482000,2.59083333333333,"fixed_gear","ISL",1,2016
"842",12642,2016-01-29,63.3,-19.2,251482000,0.271944444444444,"fixed_gear","ISL",1,2016
"843",12643,2016-01-29,63.3,-19.3,251482000,2.2825,"fixed_gear","ISL",1,2016
"844",12644,2016-01-29,63.3,-19.6,251367110,0.262777777777778,"trawlers","ISL",1,2016
"845",12645,2016-01-29,63.3,-19.4,251367110,3.03958333333333,"trawlers","ISL",1,2016
"846",12646,2016-01-29,63.3,-19.5,251367110,2.43958333333333,"trawlers","ISL",1,2016
"847",12647,2016-01-29,63.3,-10.3,231106000,1.62222222222222,"trawlers","FRO",1,2016
"848",12648,2016-01-29,63.3,-10.5,231106000,1.60805555555556,"trawlers","FRO",1,2016
"849",12649,2016-01-29,63.3,-10.7,231106000,2.40875,"trawlers","FRO",1,2016
"850",12650,2016-01-29,63.3,-10.5,231105000,3.21097222222222,"trawlers","FRO",1,2016
"851",12651,2016-01-29,63.3,-10.3,231105000,1.59458333333333,"trawlers","FRO",1,2016
"852",12712,2016-01-29,63.4,-24.7,251156000,7.48597222222222,"trawlers","ISL",1,2016
"853",12713,2016-01-29,63.4,-52,331155000,2.18888888888889,"trawlers","GRL",1,2016
"854",12714,2016-01-29,63.4,-51.8,331155000,2.38541666666667,"trawlers","GRL",1,2016
"855",12715,2016-01-29,63.4,-51.9,331155000,4.39152777777778,"trawlers","GRL",1,2016
"856",12716,2016-01-29,63.4,-21,251031110,3.86208333333333,"trawlers","ISL",1,2016
"857",12717,2016-01-29,63.4,-21.1,251031110,4.19361111111111,"trawlers","ISL",1,2016
"858",12718,2016-01-29,63.4,-21.2,251031110,2.18958333333333,"trawlers","ISL",1,2016
"859",12719,2016-01-29,63.4,-20.4,251030110,0.115138888888889,"trawlers","ISL",1,2016
"860",12720,2016-01-29,63.4,-24.7,251062110,6.53333333333333,"trawlers","ISL",1,2016
"861",12721,2016-01-29,63.4,-19.8,251482000,2.58847222222222,"fixed_gear","ISL",1,2016
"862",12722,2016-01-29,63.4,-19.9,251482000,2.89194444444444,"fixed_gear","ISL",1,2016
"863",12723,2016-01-29,63.4,-19.5,251367110,0.817222222222222,"trawlers","ISL",1,2016
"864",12724,2016-01-29,63.4,8.2,257303240,0.565694444444444,"fixed_gear","NOR",1,2016
"865",12787,2016-01-29,63.5,-24.6,251156000,12.2455555555556,"trawlers","ISL",1,2016
"866",12788,2016-01-29,63.5,-24.5,251156000,1.61486111111111,"trawlers","ISL",1,2016
"867",12789,2016-01-29,63.5,-52.1,331155000,0.666388888888889,"trawlers","GRL",1,2016
"868",12790,2016-01-29,63.5,-52,331155000,1.62513888888889,"trawlers","GRL",1,2016
"869",12791,2016-01-29,63.5,-20.7,251030110,0.773472222222222,"trawlers","ISL",1,2016
"870",12792,2016-01-29,63.5,-20.3,251030110,4.32083333333333,"trawlers","ISL",1,2016
"871",12793,2016-01-29,63.5,-20.8,251030110,0.521111111111111,"trawlers","ISL",1,2016
"872",12794,2016-01-29,63.5,-20.4,251030110,8.07347222222222,"trawlers","ISL",1,2016
"873",12795,2016-01-29,63.5,-20.5,251030110,2.81875,"trawlers","ISL",1,2016
"874",12796,2016-01-29,63.5,-20.6,251030110,1.01027777777778,"trawlers","ISL",1,2016
"875",12875,2016-01-29,63.6,-52.3,331168000,0.291805555555556,"trawlers","GRL",1,2016
"876",12876,2016-01-29,63.6,-52.4,331168000,4.58930555555556,"trawlers","GRL",1,2016
"877",12877,2016-01-29,63.6,-22.3,251310110,5.88333333333333,"purse_seines","ISL",1,2016
"878",12878,2016-01-29,63.6,-22.4,251310110,3.08069444444445,"purse_seines","ISL",1,2016
"879",12879,2016-01-29,63.6,-24.4,251156000,1.60402777777778,"trawlers","ISL",1,2016
"880",12880,2016-01-29,63.6,-24.5,251156000,1.62416666666667,"trawlers","ISL",1,2016
"881",12881,2016-01-29,63.6,-52.3,331155000,0.498611111111111,"trawlers","GRL",1,2016
"882",12882,2016-01-29,63.6,-52.4,331155000,2.12152777777778,"trawlers","GRL",1,2016
"883",12883,2016-01-29,63.6,9.2,258045000,1.05083333333333,"trawlers","NOR",1,2016
"884",12884,2016-01-29,63.6,9.1,258045000,1.55583333333333,"trawlers","NOR",1,2016
"885",12885,2016-01-29,63.6,-20.6,251030110,0.307777777777778,"trawlers","ISL",1,2016
"886",12886,2016-01-29,63.6,-25.8,259023000,2.41625,"fixed_gear","NOR",1,2016
"887",12887,2016-01-29,63.6,-37.8,331480000,2.75652777777778,"trawlers","GRL",1,2016
"888",12888,2016-01-29,63.6,-37.6,331480000,1.55402777777778,"trawlers","GRL",1,2016
"889",12889,2016-01-29,63.6,-23.2,251468000,3.20944444444445,"trawlers","ISL",1,2016
"890",12890,2016-01-29,63.6,-23.1,251468000,0.548055555555556,"trawlers","ISL",1,2016
"891",12968,2016-01-29,63.7,-52.4,331168000,4.63347222222222,"trawlers","GRL",1,2016
"892",12969,2016-01-29,63.7,-24.4,251423000,3.81652777777778,"fixed_gear","ISL",1,2016
"893",12970,2016-01-29,63.7,-24.3,251423000,1.43138888888889,"fixed_gear","ISL",1,2016
"894",12971,2016-01-29,63.7,-24.2,251423000,2.97361111111111,"fixed_gear","ISL",1,2016
"895",12972,2016-01-29,63.7,-52.4,331155000,1.52916666666667,"trawlers","GRL",1,2016
"896",12973,2016-01-29,63.7,-22.6,251218240,0.775138888888889,"fixed_gear","ISL",1,2016
"897",12974,2016-01-29,63.7,9.5,258045000,0.195,"trawlers","NOR",1,2016
"898",12975,2016-01-29,63.7,8.6,257203020,8.74388888888889,"fixed_gear","NOR",1,2016
"899",12976,2016-01-29,63.7,-24.4,251062110,3.14361111111111,"trawlers","ISL",1,2016
"900",12977,2016-01-29,63.7,-24.3,251151000,0.502638888888889,"trawlers","ISL",1,2016
"901",12978,2016-01-29,63.7,-24.4,251151000,2.89069444444444,"trawlers","ISL",1,2016
"902",12979,2016-01-29,63.7,-26.1,259023000,0.280833333333333,"fixed_gear","NOR",1,2016
"903",12980,2016-01-29,63.7,-26,259023000,7.09888888888889,"fixed_gear","NOR",1,2016
"904",12981,2016-01-29,63.7,-26.2,259023000,0.345416666666667,"fixed_gear","NOR",1,2016
"905",12982,2016-01-29,63.7,-22.7,251230110,0.133194444444444,"purse_seines","ISL",1,2016
"906",12983,2016-01-29,63.7,-22.8,251428000,0.570833333333333,"fixed_gear","ISL",1,2016
"907",12984,2016-01-29,63.7,-22.9,251283110,0.474722222222222,"fixed_gear","ISL",1,2016
"908",12985,2016-01-29,63.7,-22.6,251251110,0.643055555555556,"trawlers","ISL",1,2016
"909",12986,2016-01-29,63.7,-37.3,331480000,1.62805555555556,"trawlers","GRL",1,2016
"910",12987,2016-01-29,63.7,-23.4,251468000,0.901944444444445,"trawlers","ISL",1,2016
"911",12988,2016-01-29,63.7,-23,251468000,1.65263888888889,"trawlers","ISL",1,2016
"912",12989,2016-01-29,63.7,-23.5,251468000,3.07541666666667,"trawlers","ISL",1,2016
"913",12990,2016-01-29,63.7,-23.1,251468000,1.63263888888889,"trawlers","ISL",1,2016
"914",12991,2016-01-29,63.7,-23.6,251468000,2.41722222222222,"trawlers","ISL",1,2016
"915",12992,2016-01-29,63.7,-23.2,251468000,1.61416666666667,"trawlers","ISL",1,2016
"916",12993,2016-01-29,63.7,-23.3,251468000,1.56888888888889,"trawlers","ISL",1,2016
"917",13076,2016-01-29,63.8,-52.5,331168000,0.397083333333333,"trawlers","GRL",1,2016
"918",13077,2016-01-29,63.8,-52.4,331168000,6.9675,"trawlers","GRL",1,2016
"919",13078,2016-01-29,63.8,-22.8,251364110,11.2998611111111,"fixed_gear","ISL",1,2016
"920",13079,2016-01-29,63.8,-22.9,251588110,0.05625,"purse_seines","ISL",1,2016
"921",13080,2016-01-29,63.8,-24.3,251062110,1.6375,"trawlers","ISL",1,2016
"922",13081,2016-01-29,63.8,-26.6,251089000,5.39972222222222,"trawlers","ISL",1,2016
"923",13082,2016-01-29,63.8,-26.5,251089000,1.79180555555556,"trawlers","ISL",1,2016
"924",13083,2016-01-29,63.8,-22.9,251081110,1.40013888888889,"trawlers","ISL",1,2016
"925",13084,2016-01-29,63.8,-26.5,259023000,3.46625,"fixed_gear","NOR",1,2016
"926",13085,2016-01-29,63.8,-26.3,259023000,0.480555555555556,"fixed_gear","NOR",1,2016
"927",13086,2016-01-29,63.8,-26.6,259023000,2.88166666666667,"fixed_gear","NOR",1,2016
"928",13087,2016-01-29,63.8,-26.4,259023000,6.14347222222222,"fixed_gear","NOR",1,2016
"929",13088,2016-01-29,63.8,-22.8,251230110,3.88097222222222,"purse_seines","ISL",1,2016
"930",13089,2016-01-29,63.8,-22.8,251251110,9.05930555555556,"trawlers","ISL",1,2016
"931",13090,2016-01-29,63.8,-22.9,251037110,0.939444444444445,"trawlers","ISL",1,2016
"932",13091,2016-01-29,63.8,-22.8,251037110,0.593055555555556,"trawlers","ISL",1,2016
"933",13092,2016-01-29,63.8,-36.7,331480000,1.61569444444444,"trawlers","GRL",1,2016
"934",13093,2016-01-29,63.8,-22.8,251537110,3.60055555555556,"fixed_gear","ISL",1,2016
"935",13094,2016-01-29,63.8,-23.5,251468000,2.73333333333333,"trawlers","ISL",1,2016
"936",13095,2016-01-29,63.8,-23.6,251468000,1.22930555555556,"trawlers","ISL",1,2016
"937",13096,2016-01-29,63.8,-23,251468000,1.57583333333333,"trawlers","ISL",1,2016
"938",13182,2016-01-29,63.9,-52.4,331168000,5.37819444444444,"trawlers","GRL",1,2016
"939",13183,2016-01-29,63.9,-52.5,331168000,0.772916666666667,"trawlers","GRL",1,2016
"940",13184,2016-01-29,63.9,-22.8,251588110,5.85708333333333,"purse_seines","ISL",1,2016
"941",13185,2016-01-29,63.9,-22.9,251588110,1.82722222222222,"purse_seines","ISL",1,2016
"942",13186,2016-01-29,63.9,-13.5,251054110,0.274861111111111,"trawlers","ISL",1,2016
"943",13187,2016-01-29,63.9,-24.2,251062110,1.32611111111111,"trawlers","ISL",1,2016
"944",13188,2016-01-29,63.9,-26.6,251089000,0.61625,"trawlers","ISL",1,2016
"945",13189,2016-01-29,63.9,-13.4,251174000,0.521805555555556,"trawlers","ISL",1,2016
"946",13190,2016-01-29,63.9,-13.5,251174000,3.73125,"trawlers","ISL",1,2016
"947",13191,2016-01-29,63.9,-13.6,251174000,1.31319444444444,"trawlers","ISL",1,2016
"948",13192,2016-01-29,63.9,-22.8,251081110,2.2825,"trawlers","ISL",1,2016
"949",13193,2016-01-29,63.9,-22.9,251081110,0.545416666666667,"trawlers","ISL",1,2016
"950",13194,2016-01-29,63.9,-23.4,251468000,1.48347222222222,"trawlers","ISL",1,2016
"951",13195,2016-01-29,63.9,-23.5,251468000,0.274861111111111,"trawlers","ISL",1,2016
"952",13272,2016-01-29,64,-24.4,251423000,2.43527777777778,"fixed_gear","ISL",1,2016
"953",13273,2016-01-29,64,-15.3,251438110,0.460277777777778,"trawlers","ISL",1,2016
"954",13274,2016-01-29,64,-13.4,251054110,8.22583333333333,"trawlers","ISL",1,2016
"955",13275,2016-01-29,64,-13.5,251054110,2.41555555555556,"trawlers","ISL",1,2016
"956",13276,2016-01-29,64,-13.3,251054110,10.9402777777778,"trawlers","ISL",1,2016
"957",13277,2016-01-29,64,-25.9,251102000,3.25402777777778,"trawlers","ISL",1,2016
"958",13278,2016-01-29,64,-26,251102000,1.60041666666667,"trawlers","ISL",1,2016
"959",13279,2016-01-29,64,-25.8,251102000,2.42611111111111,"trawlers","ISL",1,2016
"960",13280,2016-01-29,64,-26.8,251089000,0.822777777777778,"trawlers","ISL",1,2016
"961",13281,2016-01-29,64,-15.4,251057000,0.560555555555556,"trawlers","ISL",1,2016
"962",13282,2016-01-29,64,-13.2,251174000,3.09972222222222,"trawlers","ISL",1,2016
"963",13283,2016-01-29,64,-13.5,251174000,2.7825,"trawlers","ISL",1,2016
"964",13284,2016-01-29,64,-13.3,251174000,6.03875,"trawlers","ISL",1,2016
"965",13285,2016-01-29,64,-13.4,251174000,6.64236111111111,"trawlers","ISL",1,2016
"966",13286,2016-01-29,64,-13.2,251049110,1.03902777777778,"trawlers","ISL",1,2016
"967",13287,2016-01-29,64,-13.4,251049110,0.509166666666667,"trawlers","ISL",1,2016
"968",13288,2016-01-29,64,-13.3,251049110,5.65152777777778,"trawlers","ISL",1,2016
"969",13289,2016-01-29,64,-13.1,251049110,0.258333333333333,"trawlers","ISL",1,2016
"970",13290,2016-01-29,64,-13.1,251240110,0.569166666666667,"trawlers","ISL",1,2016
"971",13291,2016-01-29,64,-13.2,251240110,0.264166666666667,"trawlers","ISL",1,2016
"972",13292,2016-01-29,64,-13.2,251048110,5.95638888888889,"trawlers","ISL",1,2016
"973",13293,2016-01-29,64,-13.4,251048110,5.54722222222222,"trawlers","ISL",1,2016
"974",13294,2016-01-29,64,-13.3,251048110,4.99180555555556,"trawlers","ISL",1,2016
"975",13295,2016-01-29,64,-13.1,251048110,0.5075,"trawlers","ISL",1,2016
"976",13296,2016-01-29,64,-13.5,251048110,1.56805555555556,"trawlers","ISL",1,2016
"977",13297,2016-01-29,64,-15.4,251086000,0.789305555555556,"trawlers","ISL",1,2016
"978",13298,2016-01-29,64,-15.5,251086000,1.05138888888889,"trawlers","ISL",1,2016
"979",13299,2016-01-29,64,-36.4,331480000,2.44958333333333,"trawlers","GRL",1,2016
"980",13300,2016-01-29,64,-36.2,331480000,0.683611111111111,"trawlers","GRL",1,2016
"981",13301,2016-01-29,64,-36.3,331480000,2.49138888888889,"trawlers","GRL",1,2016
"982",13358,2016-01-29,64.1,-15.4,251065110,1.62222222222222,"trawlers","ISL",1,2016
"983",13359,2016-01-29,64.1,-15.3,251065110,0.179444444444444,"trawlers","ISL",1,2016
"984",13360,2016-01-29,64.1,-15.5,251438110,0.308194444444444,"trawlers","ISL",1,2016
"985",13361,2016-01-29,64.1,-15.6,251438110,1.03069444444444,"trawlers","ISL",1,2016
"986",13362,2016-01-29,64.1,-15.3,251438110,0.741111111111111,"trawlers","ISL",1,2016
"987",13363,2016-01-29,64.1,-15.2,251438110,0.52375,"trawlers","ISL",1,2016
"988",13364,2016-01-29,64.1,-13.3,251054110,4.82986111111111,"trawlers","ISL",1,2016
"989",13365,2016-01-29,64.1,-50.6,331000096,8.77208333333333,"trawlers","GRL",1,2016
"990",13366,2016-01-29,64.1,-50.5,331000096,0.44375,"trawlers","GRL",1,2016
"991",13367,2016-01-29,64.1,-25.5,251102000,0.839305555555556,"trawlers","ISL",1,2016
"992",13368,2016-01-29,64.1,-25.2,251102000,1.49055555555556,"trawlers","ISL",1,2016
"993",13369,2016-01-29,64.1,-25,251102000,3.78736111111111,"trawlers","ISL",1,2016
"994",13370,2016-01-29,64.1,-25.4,251102000,0.772083333333333,"trawlers","ISL",1,2016
"995",13371,2016-01-29,64.1,-27,251089000,0.399305555555556,"trawlers","ISL",1,2016
"996",13372,2016-01-29,64.1,-26.9,251089000,0.423055555555556,"trawlers","ISL",1,2016
"997",13373,2016-01-29,64.1,-15.2,251057000,0.992222222222222,"trawlers","ISL",1,2016
"998",13374,2016-01-29,64.1,-15.1,251057000,1.01402777777778,"trawlers","ISL",1,2016
"999",13375,2016-01-29,64.1,-15.3,251057000,2.63305555555556,"trawlers","ISL",1,2016
"1000",13376,2016-01-29,64.1,-15.4,251057000,0.184166666666667,"trawlers","ISL",1,2016
"1001",13377,2016-01-29,64.1,-12.9,251049110,1.03388888888889,"trawlers","ISL",1,2016
"1002",13378,2016-01-29,64.1,-13.1,251049110,0.511944444444445,"trawlers","ISL",1,2016
"1003",13379,2016-01-29,64.1,-13,251049110,0.791111111111111,"trawlers","ISL",1,2016
"1004",13380,2016-01-29,64.1,-14.7,251240110,0.587916666666667,"trawlers","ISL",1,2016
"1005",13381,2016-01-29,64.1,-13.1,251240110,0.464305555555556,"trawlers","ISL",1,2016
"1006",13382,2016-01-29,64.1,-13.3,251240110,0.253611111111111,"trawlers","ISL",1,2016
"1007",13383,2016-01-29,64.1,-12.9,251240110,0.347361111111111,"trawlers","ISL",1,2016
"1008",13384,2016-01-29,64.1,-13,251240110,0.944722222222222,"trawlers","ISL",1,2016
"1009",13385,2016-01-29,64.1,-13,251048110,0.779027777777778,"trawlers","ISL",1,2016
"1010",13386,2016-01-29,64.1,-12.8,251048110,0.259444444444444,"trawlers","ISL",1,2016
"1011",13387,2016-01-29,64.1,-12.9,251048110,0.769027777777778,"trawlers","ISL",1,2016
"1012",13388,2016-01-29,64.1,-13.1,251048110,0.514027777777778,"trawlers","ISL",1,2016
"1013",13389,2016-01-29,64.1,-15.5,251086000,0.520972222222222,"trawlers","ISL",1,2016
"1014",13390,2016-01-29,64.1,-15.6,251086000,2.35555555555556,"trawlers","ISL",1,2016
"1015",13391,2016-01-29,64.1,-15.4,251086000,0.511111111111111,"trawlers","ISL",1,2016
"1016",13392,2016-01-29,64.1,-36.4,331480000,0.539444444444445,"trawlers","GRL",1,2016
"1017",13393,2016-01-29,64.1,-51.7,331201000,1.01694444444444,"trawlers","GRL",1,2016
"1018",13394,2016-01-29,64.1,-51.8,331201000,0.764027777777778,"trawlers","GRL",1,2016
"1019",13445,2016-01-29,64.2,-23.6,251228000,0.276666666666667,"fixed_gear","ISL",1,2016
"1020",13446,2016-01-29,64.2,-23.7,251228000,0.318333333333333,"fixed_gear","ISL",1,2016
"1021",13447,2016-01-29,64.2,-27.1,251089000,1.17027777777778,"trawlers","ISL",1,2016
"1022",13448,2016-01-29,64.2,-12.8,251049110,1.81486111111111,"trawlers","ISL",1,2016
"1023",13449,2016-01-29,64.2,-12.9,251049110,1.8925,"trawlers","ISL",1,2016
"1024",13450,2016-01-29,64.2,-14.7,251240110,0.671666666666667,"trawlers","ISL",1,2016
"1025",13451,2016-01-29,64.2,-14.6,251240110,1.15222222222222,"trawlers","ISL",1,2016
"1026",13452,2016-01-29,64.2,-12.8,251240110,1.14319444444444,"trawlers","ISL",1,2016
"1027",13453,2016-01-29,64.2,-12.9,251240110,0.8575,"trawlers","ISL",1,2016
"1028",13454,2016-01-29,64.2,-14.3,251848370,0.809166666666667,"fixed_gear","ISL",1,2016
"1029",13455,2016-01-29,64.2,-36.6,331480000,0.762083333333333,"trawlers","GRL",1,2016
"1030",13456,2016-01-29,64.2,-12.9,251143110,0.260833333333333,"trawlers","ISL",1,2016
"1031",13457,2016-01-29,64.2,-14.6,251761110,2.15222222222222,"fixed_gear","ISL",1,2016
"1032",13458,2016-01-29,64.2,-14.7,251761110,0.238611111111111,"fixed_gear","ISL",1,2016
"1033",13521,2016-01-29,64.3,-14.2,251138110,2.98916666666667,"fixed_gear","ISL",1,2016
"1034",13522,2016-01-29,64.3,-14.1,251138110,0.353194444444444,"fixed_gear","ISL",1,2016
"1035",13523,2016-01-29,64.3,-14.4,251138110,2.18541666666667,"fixed_gear","ISL",1,2016
"1036",13524,2016-01-29,64.3,-14.5,251138110,3.13513888888889,"fixed_gear","ISL",1,2016
"1037",13525,2016-01-29,64.3,-12.6,251019110,0.525,"trawlers","ISL",1,2016
"1038",13526,2016-01-29,64.3,-12.5,251019110,1.60388888888889,"trawlers","ISL",1,2016
"1039",13527,2016-01-29,64.3,-27.2,251089000,1.62208333333333,"trawlers","ISL",1,2016
"1040",13528,2016-01-29,64.3,-13.2,251377000,1.66930555555556,"fixed_gear","ISL",1,2016
"1041",13529,2016-01-29,64.3,-13.4,251377000,3.79652777777778,"fixed_gear","ISL",1,2016
"1042",13530,2016-01-29,64.3,-13.5,251377000,1.48388888888889,"fixed_gear","ISL",1,2016
"1043",13531,2016-01-29,64.3,-13.3,251377000,3.35944444444445,"fixed_gear","ISL",1,2016
"1044",13532,2016-01-29,64.3,-13.1,251377000,0.477083333333333,"fixed_gear","ISL",1,2016
"1045",13533,2016-01-29,64.3,-25.7,251136110,2.43,"fixed_gear","ISL",1,2016
"1046",13534,2016-01-29,64.3,-25.2,251136110,0.123055555555556,"fixed_gear","ISL",1,2016
"1047",13535,2016-01-29,64.3,-25.8,251136110,4.28125,"fixed_gear","ISL",1,2016
"1048",13536,2016-01-29,64.3,-25.3,251136110,1.66222222222222,"fixed_gear","ISL",1,2016
"1049",13537,2016-01-29,64.3,-25.4,251136110,1.38722222222222,"fixed_gear","ISL",1,2016
"1050",13538,2016-01-29,64.3,-25.5,251136110,2.7275,"fixed_gear","ISL",1,2016
"1051",13539,2016-01-29,64.3,-25.5,251039110,0.79375,"fixed_gear","ISL",1,2016
"1052",13540,2016-01-29,64.3,-25.6,251039110,0.859027777777778,"fixed_gear","ISL",1,2016
"1053",13541,2016-01-29,64.3,-12.8,251049110,1.07666666666667,"trawlers","ISL",1,2016
"1054",13542,2016-01-29,64.3,-12.7,251049110,1.22861111111111,"trawlers","ISL",1,2016
"1055",13543,2016-01-29,64.3,-12.5,251049110,0.889861111111111,"trawlers","ISL",1,2016
"1056",13544,2016-01-29,64.3,-12.4,251049110,0.785694444444444,"trawlers","ISL",1,2016
"1057",13545,2016-01-29,64.3,-12.6,251240110,1.23944444444444,"trawlers","ISL",1,2016
"1058",13546,2016-01-29,64.3,-12.7,251240110,0.500972222222222,"trawlers","ISL",1,2016
"1059",13547,2016-01-29,64.3,-12.5,251240110,2.58708333333333,"trawlers","ISL",1,2016
"1060",13548,2016-01-29,64.3,-14.4,251848370,0.0768055555555556,"fixed_gear","ISL",1,2016
"1061",13549,2016-01-29,64.3,-14.3,251848370,1.34236111111111,"fixed_gear","ISL",1,2016
"1062",13550,2016-01-29,64.3,-12.7,251011000,0.444444444444444,"trawlers","ISL",1,2016
"1063",13551,2016-01-29,64.3,-12.6,251011000,0.775,"trawlers","ISL",1,2016
"1064",13552,2016-01-29,64.3,-12.9,251011000,0.386111111111111,"trawlers","ISL",1,2016
"1065",13553,2016-01-29,64.3,-12.8,251011000,0.715694444444444,"trawlers","ISL",1,2016
"1066",13554,2016-01-29,64.3,-12.5,251011000,0.898194444444445,"trawlers","ISL",1,2016
"1067",13555,2016-01-29,64.3,-36.7,331480000,0.800138888888889,"trawlers","GRL",1,2016
"1068",13556,2016-01-29,64.3,-12.8,251143110,0.918333333333333,"trawlers","ISL",1,2016
"1069",13557,2016-01-29,64.3,-12.6,251143110,3.52277777777778,"trawlers","ISL",1,2016
"1070",13558,2016-01-29,64.3,-12.4,251143110,0.516805555555556,"trawlers","ISL",1,2016
"1071",13559,2016-01-29,64.3,-12.7,251143110,0.397777777777778,"trawlers","ISL",1,2016
"1072",13560,2016-01-29,64.3,-12.9,251143110,2.84513888888889,"trawlers","ISL",1,2016
"1073",13561,2016-01-29,64.3,-13,251143110,3.00736111111111,"trawlers","ISL",1,2016
"1074",13562,2016-01-29,64.3,-12.5,251143110,0.777222222222222,"trawlers","ISL",1,2016
"1075",13563,2016-01-29,64.3,-12.5,251803110,5.03083333333333,"trawlers","ISL",1,2016
"1076",13564,2016-01-29,64.3,-12.4,251803110,3.47291666666667,"trawlers","ISL",1,2016
"1077",13565,2016-01-29,64.3,-12.6,251803110,1.46180555555556,"trawlers","ISL",1,2016
"1078",13566,2016-01-29,64.3,-14.1,251802110,0.267777777777778,"fixed_gear","ISL",1,2016
"1079",13567,2016-01-29,64.3,-14.3,251802110,1.07347222222222,"fixed_gear","ISL",1,2016
"1080",13568,2016-01-29,64.3,-14.2,251802110,2.35402777777778,"fixed_gear","ISL",1,2016
"1081",13654,2016-01-29,64.4,-25.3,251331110,2.95152777777778,"fixed_gear","ISL",1,2016
"1082",13655,2016-01-29,64.4,-25,251331110,2.08625,"fixed_gear","ISL",1,2016
"1083",13656,2016-01-29,64.4,-25.2,251331110,7.67208333333334,"fixed_gear","ISL",1,2016
"1084",13657,2016-01-29,64.4,-24.9,251331110,1.33944444444444,"fixed_gear","ISL",1,2016
"1085",13658,2016-01-29,64.4,-25.1,251331110,1.34916666666667,"fixed_gear","ISL",1,2016
"1086",13659,2016-01-29,64.4,-26.1,251160110,0.5025,"fixed_gear","ISL",1,2016
"1087",13660,2016-01-29,64.4,-12.2,251019110,0.464722222222222,"trawlers","ISL",1,2016
"1088",13661,2016-01-29,64.4,-12.4,251019110,2.02611111111111,"trawlers","ISL",1,2016
"1089",13662,2016-01-29,64.4,-12.3,251019110,3.45236111111111,"trawlers","ISL",1,2016
"1090",13663,2016-01-29,64.4,-27.2,251089000,1.61361111111111,"trawlers","ISL",1,2016
"1091",13664,2016-01-29,64.4,-13.7,251377000,2.39611111111111,"fixed_gear","ISL",1,2016
"1092",13665,2016-01-29,64.4,-13.6,251377000,3.53583333333333,"fixed_gear","ISL",1,2016
"1093",13666,2016-01-29,64.4,-13.5,251377000,2.09013888888889,"fixed_gear","ISL",1,2016
"1094",13667,2016-01-29,64.4,-25.6,251039110,2.0975,"fixed_gear","ISL",1,2016
"1095",13668,2016-01-29,64.4,-26.1,251039110,1.08208333333333,"fixed_gear","ISL",1,2016
"1096",13669,2016-01-29,64.4,-25.8,251039110,2.975,"fixed_gear","ISL",1,2016
"1097",13670,2016-01-29,64.4,-25.4,251039110,1.59777777777778,"fixed_gear","ISL",1,2016
"1098",13671,2016-01-29,64.4,-25.7,251039110,3.45013888888889,"fixed_gear","ISL",1,2016
"1099",13672,2016-01-29,64.4,-25.5,251039110,3.43569444444444,"fixed_gear","ISL",1,2016
"1100",13673,2016-01-29,64.4,-26,251039110,7.33291666666667,"fixed_gear","ISL",1,2016
"1101",13674,2016-01-29,64.4,-12.3,251049110,2.20666666666667,"trawlers","ISL",1,2016
"1102",13675,2016-01-29,64.4,-12.4,251049110,3.01652777777778,"trawlers","ISL",1,2016
"1103",13676,2016-01-29,64.4,-12.5,251049110,0.576805555555556,"trawlers","ISL",1,2016
"1104",13677,2016-01-29,64.4,-12.6,251049110,0.564861111111111,"trawlers","ISL",1,2016
"1105",13678,2016-01-29,64.4,-25.8,251279000,0.791805555555556,"fixed_gear","ISL",1,2016
"1106",13679,2016-01-29,64.4,-25.6,251279000,7.59166666666667,"fixed_gear","ISL",1,2016
"1107",13680,2016-01-29,64.4,-25.5,251279000,1.46430555555556,"fixed_gear","ISL",1,2016
"1108",13681,2016-01-29,64.4,-25.4,251279000,3.99444444444445,"fixed_gear","ISL",1,2016
"1109",13682,2016-01-29,64.4,-25.9,251279000,1.6525,"fixed_gear","ISL",1,2016
"1110",13683,2016-01-29,64.4,-12.7,251011000,4.61055555555556,"trawlers","ISL",1,2016
"1111",13684,2016-01-29,64.4,-12.6,251011000,3.43583333333333,"trawlers","ISL",1,2016
"1112",13685,2016-01-29,64.4,-12.8,251011000,3.81638888888889,"trawlers","ISL",1,2016
"1113",13686,2016-01-29,64.4,-12.4,251011000,1.32305555555556,"trawlers","ISL",1,2016
"1114",13687,2016-01-29,64.4,-12.9,251011000,0.9675,"trawlers","ISL",1,2016
"1115",13688,2016-01-29,64.4,-12.5,251011000,0.715833333333333,"trawlers","ISL",1,2016
"1116",13689,2016-01-29,64.4,-12.3,251011000,4.61486111111111,"trawlers","ISL",1,2016
"1117",13690,2016-01-29,64.4,-37.1,331480000,4.74972222222222,"trawlers","GRL",1,2016
"1118",13691,2016-01-29,64.4,-36.7,331480000,1.65888888888889,"trawlers","GRL",1,2016
"1119",13692,2016-01-29,64.4,-37,331480000,1.72194444444444,"trawlers","GRL",1,2016
"1120",13693,2016-01-29,64.4,-12.4,251143110,1.92583333333333,"trawlers","ISL",1,2016
"1121",13694,2016-01-29,64.4,-12.2,251143110,1.33361111111111,"trawlers","ISL",1,2016
"1122",13695,2016-01-29,64.4,-12.3,251143110,4.11777777777778,"trawlers","ISL",1,2016
"1123",13696,2016-01-29,64.4,-12.5,251143110,5.18430555555556,"trawlers","ISL",1,2016
"1124",13697,2016-01-29,64.4,-12.2,251803110,2.84444444444444,"trawlers","ISL",1,2016
"1125",13698,2016-01-29,64.4,-12.3,251803110,5.46291666666667,"trawlers","ISL",1,2016
"1126",13699,2016-01-29,64.4,-12.4,251803110,6.23597222222222,"trawlers","ISL",1,2016
"1127",13800,2016-01-29,64.5,-24.4,251155000,0.282083333333333,"trawlers","ISL",1,2016
"1128",13801,2016-01-29,64.5,-24.4,251062110,0.275138888888889,"trawlers","ISL",1,2016
"1129",13802,2016-01-29,64.5,-27.2,251089000,1.58194444444444,"trawlers","ISL",1,2016
"1130",13803,2016-01-29,64.5,-25.4,251279000,3.38611111111111,"fixed_gear","ISL",1,2016
"1131",13804,2016-01-29,64.5,-25.5,251279000,1.58805555555556,"fixed_gear","ISL",1,2016
"1132",13805,2016-01-29,64.5,-24.7,251314110,3.24347222222222,"trawlers","ISL",1,2016
"1133",13806,2016-01-29,64.5,-25.1,251314110,7.39694444444444,"trawlers","ISL",1,2016
"1134",13807,2016-01-29,64.5,-25,251314110,8.98416666666667,"trawlers","ISL",1,2016
"1135",13808,2016-01-29,64.5,-24.8,251314110,1.39916666666667,"trawlers","ISL",1,2016
"1136",13809,2016-01-29,64.5,-24.6,251314110,0.835138888888889,"trawlers","ISL",1,2016
"1137",13810,2016-01-29,64.5,-12.2,251803110,0.872916666666667,"trawlers","ISL",1,2016
"1138",13912,2016-01-29,64.6,-24.5,251062110,2.86375,"trawlers","ISL",1,2016
"1139",13913,2016-01-29,64.6,-24.4,251062110,0.269444444444444,"trawlers","ISL",1,2016
"1140",13914,2016-01-29,64.6,-24.6,251062110,0.262777777777778,"trawlers","ISL",1,2016
"1141",13915,2016-01-29,64.6,-27.3,251089000,3.03041666666667,"trawlers","ISL",1,2016
"1142",13916,2016-01-29,64.6,-27.9,251047110,0.307777777777778,"trawlers","ISL",1,2016
"1143",13917,2016-01-29,64.6,-27.7,251047110,0.196527777777778,"trawlers","ISL",1,2016
"1144",13918,2016-01-29,64.6,-28,251047110,1.59152777777778,"trawlers","ISL",1,2016
"1145",13919,2016-01-29,64.6,-27.6,251047110,5.84875,"trawlers","ISL",1,2016
"1146",13920,2016-01-29,64.6,-27.8,251047110,0.202361111111111,"trawlers","ISL",1,2016
"1147",13992,2016-01-29,64.7,-24.5,251155000,0.259444444444444,"trawlers","ISL",1,2016
"1148",13993,2016-01-29,64.7,-24.1,251517000,2.03541666666667,"trawlers","ISL",1,2016
"1149",13994,2016-01-29,64.7,-24.6,251062110,0.51875,"trawlers","ISL",1,2016
"1150",13995,2016-01-29,64.7,-24.5,251062110,0.304027777777778,"trawlers","ISL",1,2016
"1151",13996,2016-01-29,64.7,-28.1,251047110,1.95916666666667,"trawlers","ISL",1,2016
"1152",14074,2016-01-29,64.8,-24.5,251221000,0.774444444444445,"trawlers","ISL",1,2016
"1153",14075,2016-01-29,64.8,-24.4,251221000,3.87958333333333,"trawlers","ISL",1,2016
"1154",14076,2016-01-29,64.8,-24.4,251287110,6.57277777777778,"trawlers","ISL",1,2016
"1155",14077,2016-01-29,64.8,-24.3,251287110,1.35583333333333,"trawlers","ISL",1,2016
"1156",14078,2016-01-29,64.8,-24.1,251517000,19.4913888888889,"trawlers","ISL",1,2016
"1157",14079,2016-01-29,64.8,-24.2,251517000,0.265138888888889,"trawlers","ISL",1,2016
"1158",14080,2016-01-29,64.8,11.2,258568010,7.55722222222222,"fixed_gear","NOR",1,2016
"1159",14081,2016-01-29,64.8,-24.2,251233110,1.78708333333333,"purse_seines","ISL",1,2016
"1160",14082,2016-01-29,64.8,-24.1,251233110,0.517777777777778,"purse_seines","ISL",1,2016
"1161",14083,2016-01-29,64.8,-11.8,251019110,0.268611111111111,"trawlers","ISL",1,2016
"1162",14084,2016-01-29,64.8,-28.2,251047110,1.61680555555556,"trawlers","ISL",1,2016
"1163",14085,2016-01-29,64.8,-13.4,251386110,1.01722222222222,"fixed_gear","ISL",1,2016
"1164",14086,2016-01-29,64.8,-13.2,251386110,1.62805555555556,"fixed_gear","ISL",1,2016
"1165",14087,2016-01-29,64.8,-13.3,251386110,5.14361111111111,"fixed_gear","ISL",1,2016
"1166",14178,2016-01-29,64.9,-24.5,251221000,0.631527777777778,"trawlers","ISL",1,2016
"1167",14179,2016-01-29,64.9,-24.4,251221000,10.3526388888889,"trawlers","ISL",1,2016
"1168",14180,2016-01-29,64.9,-24.3,251221000,3.92388888888889,"trawlers","ISL",1,2016
"1169",14181,2016-01-29,64.9,-27.3,251330110,0.467638888888889,"fixed_gear","ISL",1,2016
"1170",14182,2016-01-29,64.9,-24.4,251287110,2.36458333333333,"trawlers","ISL",1,2016
"1171",14183,2016-01-29,64.9,11.3,258568010,0.725555555555556,"fixed_gear","NOR",1,2016
"1172",14184,2016-01-29,64.9,-11.7,251019110,4.67569444444444,"trawlers","ISL",1,2016
"1173",14185,2016-01-29,64.9,-11.8,251019110,2.11402777777778,"trawlers","ISL",1,2016
"1174",14186,2016-01-29,64.9,-24.5,251269000,4.38680555555556,"trawlers","ISL",1,2016
"1175",14187,2016-01-29,64.9,-24.4,251269000,1.29791666666667,"trawlers","ISL",1,2016
"1176",14188,2016-01-29,64.9,-28.2,251047110,1.58888888888889,"trawlers","ISL",1,2016
"1177",14189,2016-01-29,64.9,-23.6,251146440,1.33125,"fixed_gear","ISL",1,2016
"1178",14190,2016-01-29,64.9,-23.7,251146440,0.515833333333333,"fixed_gear","ISL",1,2016
"1179",14191,2016-01-29,64.9,-13.4,251386110,0.540138888888889,"fixed_gear","ISL",1,2016
"1180",14262,2016-01-29,65,-13.5,251247110,6.42194444444444,"trawlers","ISL",1,2016
"1181",14263,2016-01-29,65,-22.8,251598110,2.69097222222222,"fixed_gear","ISL",1,2016
"1182",14264,2016-01-29,65,-27.3,251330110,1.05319444444444,"fixed_gear","ISL",1,2016
"1183",14265,2016-01-29,65,-27.2,251330110,1.71652777777778,"fixed_gear","ISL",1,2016
"1184",14266,2016-01-29,65,-11.6,251019110,4.31986111111111,"trawlers","ISL",1,2016
"1185",14267,2016-01-29,65,-11.7,251019110,3.10458333333333,"trawlers","ISL",1,2016
"1186",14268,2016-01-29,65,-22.6,251431840,1.61916666666667,"fixed_gear","ISL",1,2016
"1187",14269,2016-01-29,65,-24.3,251603110,0.5975,"fixed_gear","ISL",1,2016
"1188",14270,2016-01-29,65,-24.4,251603110,0.256805555555556,"fixed_gear","ISL",1,2016
"1189",14271,2016-01-29,65,-28.3,251047110,3.20958333333333,"trawlers","ISL",1,2016
"1190",14318,2016-01-29,65.1,-13.5,251247110,0.920694444444444,"trawlers","ISL",1,2016
"1191",14319,2016-01-29,65.1,-22.6,251431840,1.92888888888889,"fixed_gear","ISL",1,2016
"1192",14320,2016-01-29,65.1,-24.3,251603110,5.77666666666667,"fixed_gear","ISL",1,2016
"1193",14321,2016-01-29,65.1,-24.2,251603110,0.254583333333333,"fixed_gear","ISL",1,2016
"1194",14322,2016-01-29,65.1,-24.4,251603110,2.58916666666667,"fixed_gear","ISL",1,2016
"1195",14323,2016-01-29,65.1,-13.6,251584440,4.26541666666667,"fixed_gear","ISL",1,2016
"1196",14324,2016-01-29,65.1,-28.3,251047110,3.07055555555556,"trawlers","ISL",1,2016
"1197",14377,2016-01-29,65.2,-11.5,257593600,1.69888888888889,"trawlers","NOR",1,2016
"1198",14378,2016-01-29,65.2,-24.7,251269000,1.91875,"trawlers","ISL",1,2016
"1199",14379,2016-01-29,65.2,-24.8,251269000,6.11111111111111,"trawlers","ISL",1,2016
"1200",14380,2016-01-29,65.2,-24.9,251269000,2.24847222222222,"trawlers","ISL",1,2016
"1201",14381,2016-01-29,65.2,-27.2,251219110,0.1925,"fixed_gear","ISL",1,2016
"1202",14382,2016-01-29,65.2,-27.1,251219110,0.949027777777778,"fixed_gear","ISL",1,2016
"1203",14439,2016-01-29,65.3,-11.4,257593600,1.62472222222222,"trawlers","NOR",1,2016
"1204",14440,2016-01-29,65.3,-11.4,251083110,3.31013888888889,"trawlers","ISL",1,2016
"1205",14503,2016-01-29,65.4,-27.9,251464000,5.46986111111111,"trawlers","ISL",1,2016
"1206",14504,2016-01-29,65.4,-11.5,251083110,6.59152777777778,"trawlers","ISL",1,2016
"1207",14505,2016-01-29,65.4,-11.4,251083110,11.4645833333333,"trawlers","ISL",1,2016
"1208",14570,2016-01-29,65.5,-11.5,257593600,1.62541666666667,"trawlers","NOR",1,2016
"1209",14571,2016-01-29,65.5,-27.9,251464000,1.61111111111111,"trawlers","ISL",1,2016
"1210",14572,2016-01-29,65.5,-11.6,251083110,5.28194444444444,"trawlers","ISL",1,2016
"1211",14573,2016-01-29,65.5,-11.5,251083110,1.59041666666667,"trawlers","ISL",1,2016
"1212",14653,2016-01-29,65.6,-11.5,257593600,2.44722222222222,"trawlers","NOR",1,2016
"1213",14654,2016-01-29,65.6,-27.8,251464000,0.805555555555556,"trawlers","ISL",1,2016
"1214",14655,2016-01-29,65.6,-27.9,251464000,1.59763888888889,"trawlers","ISL",1,2016
"1215",14656,2016-01-29,65.6,-23.5,251734110,7.4725,"trawlers","ISL",1,2016
"1216",14657,2016-01-29,65.6,-23.4,251734110,1.62152777777778,"trawlers","ISL",1,2016
"1217",14658,2016-01-29,65.6,-25,251211110,0.771805555555556,"drifting_longlines","ISL",1,2016
"1218",14750,2016-01-29,65.7,-11.9,257593600,1.63458333333333,"trawlers","NOR",1,2016
"1219",14751,2016-01-29,65.7,-12,257593600,2.47236111111111,"trawlers","NOR",1,2016
"1220",14752,2016-01-29,65.7,-27.6,251464000,0.178888888888889,"trawlers","ISL",1,2016
"1221",14753,2016-01-29,65.7,-27.8,251464000,2.29527777777778,"trawlers","ISL",1,2016
"1222",14754,2016-01-29,65.7,-27.7,251464000,0.995694444444444,"trawlers","ISL",1,2016
"1223",14755,2016-01-29,65.7,-27.9,251464000,2.40277777777778,"trawlers","ISL",1,2016
"1224",14756,2016-01-29,65.7,-25.1,251211110,8.28111111111111,"drifting_longlines","ISL",1,2016
"1225",14757,2016-01-29,65.7,-25.3,251211110,0.651111111111111,"drifting_longlines","ISL",1,2016
"1226",14758,2016-01-29,65.7,-25,251211110,1.05166666666667,"drifting_longlines","ISL",1,2016
"1227",14759,2016-01-29,65.7,-25.2,251211110,7.94055555555556,"drifting_longlines","ISL",1,2016
"1228",14760,2016-01-29,65.7,-25.8,251035000,1.06222222222222,"trawlers","ISL",1,2016
"1229",14761,2016-01-29,65.7,-25.9,251035000,2.59944444444444,"trawlers","ISL",1,2016
"1230",14762,2016-01-29,65.7,-23.6,251218110,1.43416666666667,"fixed_gear","ISL",1,2016
"1231",14868,2016-01-29,65.8,-27.5,251464000,3.36513888888889,"trawlers","ISL",1,2016
"1232",14869,2016-01-29,65.8,-27.6,251464000,0.6975,"trawlers","ISL",1,2016
"1233",14870,2016-01-29,65.8,-19.7,251359840,1.90166666666667,"fixed_gear","ISL",1,2016
"1234",14871,2016-01-29,65.8,-25.8,251035000,1.81416666666667,"trawlers","ISL",1,2016
"1235",14872,2016-01-29,65.8,-25,251035000,0.561388888888889,"trawlers","ISL",1,2016
"1236",14873,2016-01-29,65.8,-25.7,251035000,1.84902777777778,"trawlers","ISL",1,2016
"1237",14874,2016-01-29,65.8,-25.6,251035000,1.06805555555556,"trawlers","ISL",1,2016
"1238",14875,2016-01-29,65.8,-24.9,251035000,0.261111111111111,"trawlers","ISL",1,2016
"1239",14876,2016-01-29,65.8,-24.9,251338110,0.269166666666667,"trawlers","ISL",1,2016
"1240",14877,2016-01-29,65.8,-25,251338110,1.3275,"trawlers","ISL",1,2016
"1241",15001,2016-01-29,65.9,-24.8,251035000,1.26541666666667,"trawlers","ISL",1,2016
"1242",15002,2016-01-29,65.9,-24.6,251035000,1.44333333333333,"trawlers","ISL",1,2016
"1243",15003,2016-01-29,65.9,-24.5,251035000,1.625,"trawlers","ISL",1,2016
"1244",15004,2016-01-29,65.9,-24.7,251035000,0.859027777777778,"trawlers","ISL",1,2016
"1245",15005,2016-01-29,65.9,-24.9,251035000,0.572916666666667,"trawlers","ISL",1,2016
"1246",15006,2016-01-29,65.9,-24.9,251338110,1.56902777777778,"trawlers","ISL",1,2016
"1247",15007,2016-01-29,65.9,-24.6,251338110,1.31763888888889,"trawlers","ISL",1,2016
"1248",15008,2016-01-29,65.9,-24.8,251338110,3.64666666666667,"trawlers","ISL",1,2016
"1249",15009,2016-01-29,65.9,-24.7,251338110,2.67069444444444,"trawlers","ISL",1,2016
"1250",15010,2016-01-29,65.9,-12.9,251167110,3.21763888888889,"fixed_gear","ISL",1,2016
"1251",15011,2016-01-29,65.9,-12.7,251167110,2.02513888888889,"fixed_gear","ISL",1,2016
"1252",15012,2016-01-29,65.9,-24.9,251226000,1.03444444444444,"trawlers","ISL",1,2016
"1253",15013,2016-01-29,65.9,-24.8,251226000,2.76486111111111,"trawlers","ISL",1,2016
"1254",15014,2016-01-29,65.9,-24.5,251226000,1.0075,"trawlers","ISL",1,2016
"1255",15015,2016-01-29,65.9,-24.7,251226000,2.16888888888889,"trawlers","ISL",1,2016
"1256",15016,2016-01-29,65.9,-24.6,251226000,0.415833333333333,"trawlers","ISL",1,2016
"1257",15125,2016-01-29,66,12.6,257071140,2.02402777777778,"fixed_gear","NOR",1,2016
"1258",15126,2016-01-29,66,-14.6,251317110,5.32013888888889,"fixed_gear","ISL",1,2016
"1259",15127,2016-01-29,66,-24.5,251035000,5.43111111111112,"trawlers","ISL",1,2016
"1260",15128,2016-01-29,66,-24.4,251035000,1.52736111111111,"trawlers","ISL",1,2016
"1261",15129,2016-01-29,66,-24.5,251338110,0.529722222222222,"trawlers","ISL",1,2016
"1262",15130,2016-01-29,66,-24.7,251338110,0.787361111111111,"trawlers","ISL",1,2016
"1263",15131,2016-01-29,66,-24.4,251338110,1.57791666666667,"trawlers","ISL",1,2016
"1264",15132,2016-01-29,66,-24.6,251338110,0.915,"trawlers","ISL",1,2016
"1265",15133,2016-01-29,66,-18.6,251140740,2.44347222222222,"fixed_gear","ISL",1,2016
"1266",15134,2016-01-29,66,-12.6,251167110,10.2534722222222,"fixed_gear","ISL",1,2016
"1267",15135,2016-01-29,66,-12.7,251167110,3.58472222222222,"fixed_gear","ISL",1,2016
"1268",15136,2016-01-29,66,-12.5,251167110,2.04666666666667,"fixed_gear","ISL",1,2016
"1269",15137,2016-01-29,66,-12.8,251167110,1.60263888888889,"fixed_gear","ISL",1,2016
"1270",15138,2016-01-29,66,-24.7,251226000,0.0986111111111111,"trawlers","ISL",1,2016
"1271",15139,2016-01-29,66,-24.6,251226000,1.20375,"trawlers","ISL",1,2016
"1272",15140,2016-01-29,66,-24.4,251226000,1.02486111111111,"trawlers","ISL",1,2016
"1273",15141,2016-01-29,66,-24.5,251226000,0.312916666666667,"trawlers","ISL",1,2016
"1274",15142,2016-01-29,66,-23.2,251152110,22.1388888888889,"trawlers","ISL",1,2016
"1275",15238,2016-01-29,66.1,-18.7,251341110,1.31458333333333,"purse_seines","ISL",1,2016
"1276",15239,2016-01-29,66.1,-18.6,251341110,0.654583333333333,"purse_seines","ISL",1,2016
"1277",15240,2016-01-29,66.1,-24.2,251338110,0.515694444444444,"trawlers","ISL",1,2016
"1278",15241,2016-01-29,66.1,-24.3,251338110,1.27333333333333,"trawlers","ISL",1,2016
"1279",15242,2016-01-29,66.1,-24.4,251338110,0.547916666666667,"trawlers","ISL",1,2016
"1280",15243,2016-01-29,66.1,-24.4,251226000,0.262222222222222,"trawlers","ISL",1,2016
"1281",15244,2016-01-29,66.1,-24.3,251226000,1.53916666666667,"trawlers","ISL",1,2016
"1282",15341,2016-01-29,66.2,-18.7,251341110,1.82777777777778,"purse_seines","ISL",1,2016
"1283",15342,2016-01-29,66.2,-24.2,251338110,0.272222222222222,"trawlers","ISL",1,2016
"1284",15343,2016-01-29,66.2,-24.1,251226000,0.506666666666667,"trawlers","ISL",1,2016
"1285",15344,2016-01-29,66.2,-24.2,251226000,1.24319444444444,"trawlers","ISL",1,2016
"1286",15448,2016-01-29,66.3,-19,251015000,0.756527777777778,"trawlers","ISL",1,2016
"1287",15449,2016-01-29,66.3,12.9,257087840,13.1952777777778,"fixed_gear","NOR",1,2016
"1288",15450,2016-01-29,66.3,-13.1,251177110,1.6025,"trawlers","ISL",1,2016
"1289",15451,2016-01-29,66.3,-13,251177110,1.60277777777778,"trawlers","ISL",1,2016
"1290",15563,2016-01-29,66.4,-54.5,331165000,0.965277777777778,"trawlers","GRL",1,2016
"1291",15564,2016-01-29,66.4,-54.3,331165000,0.701805555555556,"trawlers","GRL",1,2016
"1292",15565,2016-01-29,66.4,-54.4,331165000,2.02138888888889,"trawlers","GRL",1,2016
"1293",15566,2016-01-29,66.4,-19,251015000,0.580555555555555,"trawlers","ISL",1,2016
"1294",15567,2016-01-29,66.4,-12.9,251177110,6.60069444444444,"trawlers","ISL",1,2016
"1295",15568,2016-01-29,66.4,-13,251177110,1.62055555555556,"trawlers","ISL",1,2016
"1296",15569,2016-01-29,66.4,-12.3,257135000,0.0622222222222222,"trawlers","NOR",1,2016
"1297",15570,2016-01-29,66.4,-54.6,219257000,9.31472222222222,"trawlers","DNK",1,2016
"1298",15571,2016-01-29,66.4,-54.7,219257000,3.03666666666667,"trawlers","DNK",1,2016
"1299",15572,2016-01-29,66.4,-54.5,219257000,3.09458333333333,"trawlers","DNK",1,2016
"1300",15705,2016-01-29,66.5,-15.8,251417110,0.693333333333333,"purse_seines","ISL",1,2016
"1301",15706,2016-01-29,66.5,-15.7,251417110,2.00083333333333,"purse_seines","ISL",1,2016
"1302",15707,2016-01-29,66.5,-54.3,331165000,10.0084722222222,"trawlers","GRL",1,2016
"1303",15708,2016-01-29,66.5,-54.5,331165000,0.397083333333333,"trawlers","GRL",1,2016
"1304",15709,2016-01-29,66.5,-54.4,331165000,8.01402777777778,"trawlers","GRL",1,2016
"1305",15710,2016-01-29,66.5,-21.9,251079000,8.16097222222222,"trawlers","ISL",1,2016
"1306",15711,2016-01-29,66.5,-18.9,251015000,1.53291666666667,"trawlers","ISL",1,2016
"1307",15712,2016-01-29,66.5,-13.1,251177110,1.60402777777778,"trawlers","ISL",1,2016
"1308",15713,2016-01-29,66.5,-12.3,257135000,0.87,"trawlers","NOR",1,2016
"1309",15714,2016-01-29,66.5,-54.6,219257000,5.51430555555555,"trawlers","DNK",1,2016
"1310",15715,2016-01-29,66.5,-54.5,219257000,1.57138888888889,"trawlers","DNK",1,2016
"1311",15716,2016-01-29,66.5,12.3,257336000,0.173333333333333,"trawlers","NOR",1,2016
"1312",15872,2016-01-29,66.6,-15.8,251417110,1.84833333333333,"purse_seines","ISL",1,2016
"1313",15873,2016-01-29,66.6,-54.3,331165000,1.33125,"trawlers","GRL",1,2016
"1314",15874,2016-01-29,66.6,13,257113420,2.08555555555556,"fixed_gear","NOR",1,2016
"1315",15875,2016-01-29,66.6,-22,251079000,1.33638888888889,"trawlers","ISL",1,2016
"1316",15876,2016-01-29,66.6,-21.9,251079000,1.35777777777778,"trawlers","ISL",1,2016
"1317",15877,2016-01-29,66.6,-18.7,251015000,1.71666666666667,"trawlers","ISL",1,2016
"1318",15878,2016-01-29,66.6,-18.8,251015000,0.659861111111111,"trawlers","ISL",1,2016
"1319",15879,2016-01-29,66.6,-13,251177110,1.60736111111111,"trawlers","ISL",1,2016
"1320",15880,2016-01-29,66.6,-54.6,219257000,1.61222222222222,"trawlers","DNK",1,2016
"1321",16017,2016-01-29,66.7,-22.5,251040000,1.23638888888889,"trawlers","ISL",1,2016
"1322",16018,2016-01-29,66.7,-22.3,251079000,1.34375,"trawlers","ISL",1,2016
"1323",16019,2016-01-29,66.7,-18.7,251015000,1.48263888888889,"trawlers","ISL",1,2016
"1324",16020,2016-01-29,66.7,-18.6,251015000,0.780555555555555,"trawlers","ISL",1,2016
"1325",16021,2016-01-29,66.7,-15.9,251307110,3.52388888888889,"trawlers","ISL",1,2016
"1326",16022,2016-01-29,66.7,-15.8,251307110,1.38055555555556,"trawlers","ISL",1,2016
"1327",16023,2016-01-29,66.7,-13,251177110,4.90125,"trawlers","ISL",1,2016
"1328",16126,2016-01-29,66.8,-22.8,251040000,0.32875,"trawlers","ISL",1,2016
"1329",16127,2016-01-29,66.8,-22.7,251040000,0.734722222222222,"trawlers","ISL",1,2016
"1330",16128,2016-01-29,66.8,-22.9,251040000,0.47125,"trawlers","ISL",1,2016
"1331",16129,2016-01-29,66.8,-23,251040000,0.259583333333333,"trawlers","ISL",1,2016
"1332",16130,2016-01-29,66.8,13.5,257631500,0.831388888888889,"trawlers","NOR",1,2016
"1333",16131,2016-01-29,66.8,13.4,257631500,2.93722222222222,"trawlers","NOR",1,2016
"1334",16132,2016-01-29,66.8,13.3,257631500,0.271111111111111,"trawlers","NOR",1,2016
"1335",16133,2016-01-29,66.8,-22.7,251079000,2.92402777777778,"trawlers","ISL",1,2016
"1336",16134,2016-01-29,66.8,-22.6,251079000,1.04097222222222,"trawlers","ISL",1,2016
"1337",16135,2016-01-29,66.8,-18.6,251015000,2.83305555555556,"trawlers","ISL",1,2016
"1338",16136,2016-01-29,66.8,-18.7,251015000,0.486666666666667,"trawlers","ISL",1,2016
"1339",16137,2016-01-29,66.8,-19.4,251145110,5.29180555555556,"trawlers","ISL",1,2016
"1340",16138,2016-01-29,66.8,-19.6,251145110,1.60805555555556,"trawlers","ISL",1,2016
"1341",16139,2016-01-29,66.8,-19.5,251145110,7.33680555555556,"trawlers","ISL",1,2016
"1342",16140,2016-01-29,66.8,-19.6,251368110,5.42194444444444,"trawlers","ISL",1,2016
"1343",16141,2016-01-29,66.8,-19.7,251368110,1.61458333333333,"trawlers","ISL",1,2016
"1344",16142,2016-01-29,66.8,13.5,257136340,2.295,"fixed_gear","NOR",1,2016
"1345",16267,2016-01-29,66.9,-23.1,251040000,0.559583333333333,"trawlers","ISL",1,2016
"1346",16268,2016-01-29,66.9,-23.5,251040000,6.55402777777778,"trawlers","ISL",1,2016
"1347",16269,2016-01-29,66.9,-23.3,251040000,3.73041666666667,"trawlers","ISL",1,2016
"1348",16270,2016-01-29,66.9,-23.6,251079000,3.78055555555556,"trawlers","ISL",1,2016
"1349",16271,2016-01-29,66.9,-23.5,251079000,3.30708333333333,"trawlers","ISL",1,2016
"1350",16272,2016-01-29,66.9,-18.6,251015000,0.201666666666667,"trawlers","ISL",1,2016
"1351",16273,2016-01-29,66.9,-23.4,251126110,1.55527777777778,"trawlers","ISL",1,2016
"1352",16274,2016-01-29,66.9,-23.8,251050110,2.89388888888889,"trawlers","ISL",1,2016
"1353",16275,2016-01-29,66.9,-19.3,251145110,2.28583333333333,"trawlers","ISL",1,2016
"1354",16276,2016-01-29,66.9,-19.2,251145110,0.252777777777778,"trawlers","ISL",1,2016
"1355",16277,2016-01-29,66.9,-19.4,251145110,3.98944444444445,"trawlers","ISL",1,2016
"1356",16278,2016-01-29,66.9,-19,251145110,0.792916666666667,"trawlers","ISL",1,2016
"1357",16279,2016-01-29,66.9,-19.1,251145110,0.260555555555556,"trawlers","ISL",1,2016
"1358",16280,2016-01-29,66.9,-18.9,251145110,1.87222222222222,"trawlers","ISL",1,2016
"1359",16281,2016-01-29,66.9,-18.8,251145110,0.52625,"trawlers","ISL",1,2016
"1360",16282,2016-01-29,66.9,-19.5,251368110,3.42402777777778,"trawlers","ISL",1,2016
"1361",16283,2016-01-29,66.9,-19.6,251368110,2.90041666666667,"trawlers","ISL",1,2016
"1362",16284,2016-01-29,66.9,-23.7,251036110,4.87375,"trawlers","ISL",1,2016
"1363",16285,2016-01-29,66.9,-24.1,251025110,3.94847222222222,"trawlers","ISL",1,2016
"1364",16388,2016-01-29,67,-13.4,331143000,6.67555555555556,"trawlers","GRL",1,2016
"1365",16389,2016-01-29,67,-23.6,251126110,3.34430555555556,"trawlers","ISL",1,2016
"1366",16390,2016-01-29,67,-23.3,251126110,1.59972222222222,"trawlers","ISL",1,2016
"1367",16391,2016-01-29,67,-23.5,251126110,5.19805555555556,"trawlers","ISL",1,2016
"1368",16392,2016-01-29,67,-23.4,251126110,7.79277777777778,"trawlers","ISL",1,2016
"1369",16393,2016-01-29,67,-13.1,251451000,5.72236111111111,"trawlers","ISL",1,2016
"1370",16394,2016-01-29,67,-13.6,251451000,1.72666666666667,"trawlers","ISL",1,2016
"1371",16395,2016-01-29,67,-13,251451000,6.60902777777778,"trawlers","ISL",1,2016
"1372",16396,2016-01-29,67,-13.2,251451000,1.61527777777778,"trawlers","ISL",1,2016
"1373",16397,2016-01-29,67,-23.6,251050110,5.52902777777778,"trawlers","ISL",1,2016
"1374",16398,2016-01-29,67,-23.4,251050110,3.22097222222222,"trawlers","ISL",1,2016
"1375",16399,2016-01-29,67,-23.5,251050110,8.63,"trawlers","ISL",1,2016
"1376",16400,2016-01-29,67,-19.5,251368110,8.73111111111111,"trawlers","ISL",1,2016
"1377",16401,2016-01-29,67,-19.4,251368110,1.36527777777778,"trawlers","ISL",1,2016
"1378",16402,2016-01-29,67,-23.7,251036110,2.93375,"trawlers","ISL",1,2016
"1379",16403,2016-01-29,67,-23.6,251036110,1.62527777777778,"trawlers","ISL",1,2016
"1380",16404,2016-01-29,67,-12.8,231051000,6.54597222222222,"trawlers","FRO",1,2016
"1381",16520,2016-01-29,67.1,-23.5,251126110,1.04888888888889,"trawlers","ISL",1,2016
"1382",16521,2016-01-29,67.1,-23.7,251126110,3.22902777777778,"trawlers","ISL",1,2016
"1383",16522,2016-01-29,67.1,-13.4,251451000,1.61319444444444,"trawlers","ISL",1,2016
"1384",16523,2016-01-29,67.1,-13.1,251451000,0.828888888888889,"trawlers","ISL",1,2016
"1385",16524,2016-01-29,67.1,-12.9,251451000,1.59569444444444,"trawlers","ISL",1,2016
"1386",16525,2016-01-29,67.1,-13.6,251451000,3.24902777777778,"trawlers","ISL",1,2016
"1387",16526,2016-01-29,67.1,-12.8,251451000,1.60680555555556,"trawlers","ISL",1,2016
"1388",16527,2016-01-29,67.1,-23.4,251050110,0.482083333333333,"trawlers","ISL",1,2016
"1389",16528,2016-01-29,67.1,-23.6,251050110,0.841527777777778,"trawlers","ISL",1,2016
"1390",16529,2016-01-29,67.1,-23.5,251050110,2.87722222222222,"trawlers","ISL",1,2016
"1391",16530,2016-01-29,67.1,-13.7,231051000,2.55125,"trawlers","FRO",1,2016
"1392",16531,2016-01-29,67.1,-13.5,231051000,1.62027777777778,"trawlers","FRO",1,2016
"1393",16532,2016-01-29,67.1,-12.9,231051000,3.22222222222222,"trawlers","FRO",1,2016
"1394",16533,2016-01-29,67.1,-13.3,231051000,1.62166666666667,"trawlers","FRO",1,2016
"1395",16534,2016-01-29,67.1,-13.1,231051000,7.34486111111111,"trawlers","FRO",1,2016
"1396",16535,2016-01-29,67.1,-13.2,231051000,0.832222222222222,"trawlers","FRO",1,2016
"1397",16817,2016-01-29,67.3,11.5,258471000,6.11319444444445,"fixed_gear","NOR",1,2016
"1398",16818,2016-01-29,67.3,11.6,258471000,1.69291666666667,"fixed_gear","NOR",1,2016
"1399",16819,2016-01-29,67.3,11.3,258471000,3.12458333333333,"fixed_gear","NOR",1,2016
"1400",16820,2016-01-29,67.3,11.4,258471000,4.89916666666667,"fixed_gear","NOR",1,2016
"1401",16888,2016-01-29,67.4,11.5,258471000,0.508055555555555,"fixed_gear","NOR",1,2016
"1402",16889,2016-01-29,67.4,11.6,258471000,0.52875,"fixed_gear","NOR",1,2016
"1403",16890,2016-01-29,67.4,11.4,257937500,0.423611111111111,"fixed_gear","NOR",1,2016
"1404",16891,2016-01-29,67.4,11.4,257108640,2.24944444444444,"fixed_gear","NOR",1,2016
"1405",16892,2016-01-29,67.4,11.3,257108640,0.573888888888889,"fixed_gear","NOR",1,2016
"1406",16965,2016-01-29,67.5,11.9,258471000,5.76805555555555,"fixed_gear","NOR",1,2016
"1407",16966,2016-01-29,67.5,11.3,257937500,1.42375,"fixed_gear","NOR",1,2016
"1408",16967,2016-01-29,67.5,11.4,257937500,1.30083333333333,"fixed_gear","NOR",1,2016
"1409",16968,2016-01-29,67.5,11.9,257182340,0.548611111111111,"fixed_gear","NOR",1,2016
"1410",16969,2016-01-29,67.5,11.8,257182340,1.61666666666667,"fixed_gear","NOR",1,2016
"1411",17533,2016-01-29,68.1,13,257099140,0.936527777777778,"fixed_gear","NOR",1,2016
"1412",17534,2016-01-29,68.1,12.6,259109000,2.46333333333333,"purse_seines","NOR",1,2016
"1413",17535,2016-01-29,68.1,13,257340820,4.02222222222222,"fixed_gear","NOR",1,2016
"1414",17625,2016-01-29,68.2,14.5,259392000,6.82847222222222,"trawlers","NOR",1,2016
"1415",17626,2016-01-29,68.2,14.5,257855500,0.518194444444444,"trawlers","NOR",1,2016
"1416",17627,2016-01-29,68.2,12.9,257308720,4.38319444444444,"fixed_gear","NOR",1,2016
"1417",17628,2016-01-29,68.2,12.8,257543500,7.48819444444444,"fixed_gear","NOR",1,2016
"1418",17629,2016-01-29,68.2,12.8,257413500,5.33861111111111,"fixed_gear","NOR",1,2016
"1419",17630,2016-01-29,68.2,12.9,257413500,1.27625,"fixed_gear","NOR",1,2016
"1420",17631,2016-01-29,68.2,12.9,257099140,1.92888888888889,"fixed_gear","NOR",1,2016
"1421",17632,2016-01-29,68.2,12.8,257099140,2.53930555555556,"fixed_gear","NOR",1,2016
"1422",17633,2016-01-29,68.2,13,257099140,0.482638888888889,"fixed_gear","NOR",1,2016
"1423",17634,2016-01-29,68.2,12.9,257009040,3.77430555555556,"fixed_gear","NOR",1,2016
"1424",17635,2016-01-29,68.2,13,257009040,2.025,"fixed_gear","NOR",1,2016
"1425",17636,2016-01-29,68.2,12.8,257499800,1.47625,"fixed_gear","NOR",1,2016
"1426",17707,2016-01-29,68.3,-53.7,331000074,3.22,"trawlers","GRL",1,2016
"1427",17708,2016-01-29,68.3,-53.6,331000074,0.511111111111111,"trawlers","GRL",1,2016
"1428",17709,2016-01-29,68.3,13.8,257054740,0.874861111111111,"fixed_gear","NOR",1,2016
"1429",17710,2016-01-29,68.3,13.7,257054740,1.61986111111111,"fixed_gear","NOR",1,2016
"1430",17711,2016-01-29,68.3,11.1,258057000,3.35,"trawlers","NOR",1,2016
"1431",17712,2016-01-29,68.3,11.2,258057000,4.10902777777778,"trawlers","NOR",1,2016
"1432",17713,2016-01-29,68.3,11,258057000,0.8,"trawlers","NOR",1,2016
"1433",17714,2016-01-29,68.3,12.8,257543500,0.397361111111111,"fixed_gear","NOR",1,2016
"1434",17715,2016-01-29,68.3,13.4,259655000,1.33958333333333,"trawlers","NOR",1,2016
"1435",17716,2016-01-29,68.3,13.3,259655000,2.21138888888889,"trawlers","NOR",1,2016
"1436",17717,2016-01-29,68.3,13.2,259655000,0.26,"trawlers","NOR",1,2016
"1437",17718,2016-01-29,68.3,12.8,257413500,0.157638888888889,"fixed_gear","NOR",1,2016
"1438",17719,2016-01-29,68.3,12.6,257499800,3.40013888888889,"fixed_gear","NOR",1,2016
"1439",17720,2016-01-29,68.3,12.7,257499800,3.09041666666667,"fixed_gear","NOR",1,2016
"1440",17721,2016-01-29,68.3,11.2,257529000,1.61388888888889,"trawlers","NOR",1,2016
"1441",17722,2016-01-29,68.3,11.3,257529000,3.29138888888889,"trawlers","NOR",1,2016
"1442",17723,2016-01-29,68.3,11.4,257529000,3.30013888888889,"trawlers","NOR",1,2016
"1443",17724,2016-01-29,68.3,-54,331224000,6.22444444444444,"trawlers","GRL",1,2016
"1444",17725,2016-01-29,68.3,-53.9,331224000,2.86138888888889,"trawlers","GRL",1,2016
"1445",17726,2016-01-29,68.3,-54.3,331224000,2.45736111111111,"trawlers","GRL",1,2016
"1446",17727,2016-01-29,68.3,11.2,258360000,2.43361111111111,"trawlers","NOR",1,2016
"1447",17728,2016-01-29,68.3,16.1,257942500,1.38069444444444,"trawlers","NOR",1,2016
"1448",17729,2016-01-29,68.3,16.2,257942500,1.29986111111111,"trawlers","NOR",1,2016
"1449",17810,2016-01-29,68.4,11.4,258057000,1.61263888888889,"trawlers","NOR",1,2016
"1450",17811,2016-01-29,68.4,11.7,258057000,3.26861111111111,"trawlers","NOR",1,2016
"1451",17812,2016-01-29,68.4,13.3,259655000,0.256944444444444,"trawlers","NOR",1,2016
"1452",17813,2016-01-29,68.4,-53.8,331206000,3.32375,"trawlers","GRL",1,2016
"1453",17814,2016-01-29,68.4,11.6,257529000,1.6225,"trawlers","NOR",1,2016
"1454",17815,2016-01-29,68.4,11.4,257529000,5.75236111111111,"trawlers","NOR",1,2016
"1455",17816,2016-01-29,68.4,-53.9,331224000,2.61736111111111,"trawlers","GRL",1,2016
"1456",17817,2016-01-29,68.4,12.2,258360000,1.6,"trawlers","NOR",1,2016
"1457",17818,2016-01-29,68.4,11.4,258360000,2.44875,"trawlers","NOR",1,2016
"1458",17819,2016-01-29,68.4,11.6,258360000,0.875972222222222,"trawlers","NOR",1,2016
"1459",17820,2016-01-29,68.4,11.5,258360000,2.46611111111111,"trawlers","NOR",1,2016
"1460",17821,2016-01-29,68.4,11.7,258360000,1.61472222222222,"trawlers","NOR",1,2016
"1461",17822,2016-01-29,68.4,16.3,257942500,0.56,"trawlers","NOR",1,2016
"1462",17946,2016-01-29,68.5,16.4,257005840,0.261944444444444,"fixed_gear","NOR",1,2016
"1463",17947,2016-01-29,68.5,16.5,257005840,0.66875,"fixed_gear","NOR",1,2016
"1464",17948,2016-01-29,68.5,-53.7,331206000,1.86569444444444,"trawlers","GRL",1,2016
"1465",17949,2016-01-29,68.5,-53.8,331206000,0.677916666666667,"trawlers","GRL",1,2016
"1466",17950,2016-01-29,68.5,11.9,258052000,2.425,"trawlers","NOR",1,2016
"1467",17951,2016-01-29,68.5,12.1,258052000,4.08583333333333,"trawlers","NOR",1,2016
"1468",17952,2016-01-29,68.5,12.2,258360000,4.14944444444444,"trawlers","NOR",1,2016
"1469",17953,2016-01-29,68.5,11.9,257153500,0.823611111111111,"trawlers","NOR",1,2016
"1470",18065,2016-01-29,68.6,12.4,258052000,7.41861111111111,"trawlers","NOR",1,2016
"1471",18066,2016-01-29,68.6,12.3,258052000,1.63347222222222,"trawlers","NOR",1,2016
"1472",18067,2016-01-29,68.6,-54.3,331074000,1.07763888888889,"trawlers","GRL",1,2016
"1473",18068,2016-01-29,68.6,-54.6,331074000,5.69902777777778,"trawlers","GRL",1,2016
"1474",18069,2016-01-29,68.6,-54.5,331074000,3.22722222222222,"trawlers","GRL",1,2016
"1475",18070,2016-01-29,68.6,12.2,257153500,3.22763888888889,"trawlers","NOR",1,2016
"1476",18214,2016-01-29,68.7,-52.7,331000074,4.71361111111111,"trawlers","GRL",1,2016
"1477",18215,2016-01-29,68.7,-52.8,331000074,4.7425,"trawlers","GRL",1,2016
"1478",18216,2016-01-29,68.7,-52.6,331000074,1.64027777777778,"trawlers","GRL",1,2016
"1479",18217,2016-01-29,68.7,12.7,258874000,1.64152777777778,"trawlers","NOR",1,2016
"1480",18218,2016-01-29,68.7,12.8,258052000,4.91875,"trawlers","NOR",1,2016
"1481",18219,2016-01-29,68.7,12.7,258052000,3.29708333333333,"trawlers","NOR",1,2016
"1482",18220,2016-01-29,68.7,12.9,258360000,8.98472222222222,"trawlers","NOR",1,2016
"1483",18221,2016-01-29,68.7,12.8,258360000,0.825138888888889,"trawlers","NOR",1,2016
"1484",18222,2016-01-29,68.7,-54.8,331074000,0.81,"trawlers","GRL",1,2016
"1485",18223,2016-01-29,68.7,-54.7,331074000,0.785694444444444,"trawlers","GRL",1,2016
"1486",18224,2016-01-29,68.7,-54.6,331074000,1.61777777777778,"trawlers","GRL",1,2016
"1487",18359,2016-01-29,68.8,-52.8,331000074,0.858611111111111,"trawlers","GRL",1,2016
"1488",18360,2016-01-29,68.8,-52.6,331000074,2.54736111111111,"trawlers","GRL",1,2016
"1489",18361,2016-01-29,68.8,-52.7,331000074,0.280416666666667,"trawlers","GRL",1,2016
"1490",18362,2016-01-29,68.8,-52.6,331000093,3.34708333333333,"trawlers","GRL",1,2016
"1491",18363,2016-01-29,68.8,-52.3,331000093,3.21513888888889,"trawlers","GRL",1,2016
"1492",18364,2016-01-29,68.8,-52.4,331000093,9.24208333333334,"trawlers","GRL",1,2016
"1493",18365,2016-01-29,68.8,-52.5,331000093,2.94319444444444,"trawlers","GRL",1,2016
"1494",18366,2016-01-29,68.8,13,258052000,1.62236111111111,"trawlers","NOR",1,2016
"1495",18367,2016-01-29,68.8,-54.7,331074000,1.79583333333333,"trawlers","GRL",1,2016
"1496",18499,2016-01-29,68.9,14.8,257176320,0.79125,"trawlers","NOR",1,2016
"1497",18500,2016-01-29,68.9,14.8,257779500,1.26555555555556,"trawlers","NOR",1,2016
"1498",18501,2016-01-29,68.9,14.9,257779500,0.816805555555556,"trawlers","NOR",1,2016
"1499",18502,2016-01-29,68.9,14.7,257144120,0.803888888888889,"fixed_gear","NOR",1,2016
"1500",18503,2016-01-29,68.9,15,259537000,0.86,"purse_seines","NOR",1,2016
"1501",18504,2016-01-29,68.9,-53,331217000,2.46486111111111,"trawlers","GRL",1,2016
"1502",18505,2016-01-29,68.9,-52.6,331206000,2.86305555555556,"trawlers","GRL",1,2016
"1503",18506,2016-01-29,68.9,-52.8,331206000,0.621944444444444,"trawlers","GRL",1,2016
"1504",18507,2016-01-29,68.9,-52.7,331206000,2.29083333333333,"trawlers","GRL",1,2016
"1505",18508,2016-01-29,68.9,14.9,257024900,0.387638888888889,"fixed_gear","NOR",1,2016
"1506",18509,2016-01-29,68.9,14.9,257136520,7.95180555555556,"fixed_gear","NOR",1,2016
"1507",18510,2016-01-29,68.9,14.6,257177500,1.62861111111111,"fixed_gear","NOR",1,2016
"1508",18511,2016-01-29,68.9,15.2,257140920,0.989444444444444,"fixed_gear","NOR",1,2016
"1509",18512,2016-01-29,68.9,14.9,257143740,1.82513888888889,"purse_seines","NOR",1,2016
"1510",18618,2016-01-29,69,15,257518600,1.06166666666667,"fixed_gear","NOR",1,2016
"1511",18619,2016-01-29,69,15.4,257221640,4.54722222222222,"fixed_gear","NOR",1,2016
"1512",18620,2016-01-29,69,14.9,257367820,0.595555555555556,"fixed_gear","NOR",1,2016
"1513",18621,2016-01-29,69,14.8,257367820,6.31152777777778,"fixed_gear","NOR",1,2016
"1514",18622,2016-01-29,69,15.1,257367820,0.85,"fixed_gear","NOR",1,2016
"1515",18623,2016-01-29,69,15.2,257367820,1.67138888888889,"fixed_gear","NOR",1,2016
"1516",18624,2016-01-29,69,15.4,257603600,5.23652777777778,"purse_seines","NOR",1,2016
"1517",18625,2016-01-29,69,-52.3,331000093,2.40444444444444,"trawlers","GRL",1,2016
"1518",18626,2016-01-29,69,15.3,259476000,2.37875,"purse_seines","NOR",1,2016
"1519",18627,2016-01-29,69,15.2,259476000,1.98944444444444,"purse_seines","NOR",1,2016
"1520",18628,2016-01-29,69,15,257301040,3.26708333333333,"purse_seines","NOR",1,2016
"1521",18629,2016-01-29,69,15.4,257184340,0.537361111111111,"trawlers","NOR",1,2016
"1522",18630,2016-01-29,69,15.3,257184340,3.40027777777778,"trawlers","NOR",1,2016
"1523",18631,2016-01-29,69,15.2,257133140,1.82986111111111,"fixed_gear","NOR",1,2016
"1524",18632,2016-01-29,69,15.1,257133140,1.12027777777778,"fixed_gear","NOR",1,2016
"1525",18633,2016-01-29,69,15.3,259655000,1.23638888888889,"trawlers","NOR",1,2016
"1526",18634,2016-01-29,69,15,259537000,3.93138888888889,"purse_seines","NOR",1,2016
"1527",18635,2016-01-29,69,15.2,257198440,1.08722222222222,"fixed_gear","NOR",1,2016
"1528",18636,2016-01-29,69,15.1,257198440,0.20875,"fixed_gear","NOR",1,2016
"1529",18637,2016-01-29,69,15.2,257301120,1.35,"fixed_gear","NOR",1,2016
"1530",18638,2016-01-29,69,15.1,257301120,1.36472222222222,"fixed_gear","NOR",1,2016
"1531",18639,2016-01-29,69,15.1,257486720,26.2769444444444,"fixed_gear","NOR",1,2016
"1532",18640,2016-01-29,69,15.1,257318020,12.9718055555556,"fixed_gear","NOR",1,2016
"1533",18641,2016-01-29,69,15.2,257318020,1.56513888888889,"fixed_gear","NOR",1,2016
"1534",18642,2016-01-29,69,14.9,257024900,0.387638888888889,"fixed_gear","NOR",1,2016
"1535",18643,2016-01-29,69,15.3,257136520,0.479166666666667,"fixed_gear","NOR",1,2016
"1536",18644,2016-01-29,69,15.1,257467020,14.2933333333333,"fixed_gear","NOR",1,2016
"1537",18645,2016-01-29,69,14.8,257774480,1.25847222222222,"fixed_gear","NOR",1,2016
"1538",18646,2016-01-29,69,15.2,257072540,2.38569444444444,"fixed_gear","NOR",1,2016
"1539",18647,2016-01-29,69,15.1,257150620,3.47319444444444,"fixed_gear","NOR",1,2016
"1540",18648,2016-01-29,69,15.1,257317040,13.2279166666667,"fixed_gear","NOR",1,2016
"1541",18649,2016-01-29,69,15.2,257071540,5.3825,"fixed_gear","NOR",1,2016
"1542",18650,2016-01-29,69,15.1,257071540,9.96805555555556,"fixed_gear","NOR",1,2016
"1543",18651,2016-01-29,69,15.2,257140920,2.41152777777778,"fixed_gear","NOR",1,2016
"1544",18652,2016-01-29,69,15.1,257140920,10.2993055555556,"fixed_gear","NOR",1,2016
"1545",18653,2016-01-29,69,15.2,257027000,0.7375,"fixed_gear","NOR",1,2016
"1546",18654,2016-01-29,69,15.1,257143740,1.92055555555556,"purse_seines","NOR",1,2016
"1547",18655,2016-01-29,69,14.9,257367000,0.514444444444444,"trawlers","NOR",1,2016
"1548",18656,2016-01-29,69,15.1,257910500,3.52972222222222,"fixed_gear","NOR",1,2016
"1549",18657,2016-01-29,69,15.2,257150700,5.36527777777778,"fixed_gear","NOR",1,2016
"1550",18658,2016-01-29,69,15.1,257150700,0.132777777777778,"fixed_gear","NOR",1,2016
"1551",18659,2016-01-29,69,15,257632500,2.05041666666667,"trawlers","NOR",1,2016
"1552",18660,2016-01-29,69,14.9,257284600,1.41263888888889,"fixed_gear","NOR",1,2016
"1553",18730,2016-01-29,69.1,15.2,257136520,1.16888888888889,"fixed_gear","NOR",1,2016
"1554",18731,2016-01-29,69.1,14.5,259641000,1.7625,"trawlers","NOR",1,2016
"1555",18732,2016-01-29,69.1,14.6,259641000,1.29041666666667,"trawlers","NOR",1,2016
"1556",18733,2016-01-29,69.1,15.1,257143740,2.34625,"purse_seines","NOR",1,2016
"1557",18734,2016-01-29,69.1,15.1,257367000,1.39069444444444,"trawlers","NOR",1,2016
"1558",18735,2016-01-29,69.1,15,257367000,1.15944444444444,"trawlers","NOR",1,2016
"1559",18800,2016-01-29,69.2,16.1,257226520,0.819722222222222,"fixed_gear","NOR",1,2016
"1560",18801,2016-01-29,69.2,14.8,258545000,2.42527777777778,"fixed_gear","NOR",1,2016
"1561",18802,2016-01-29,69.2,14.7,258545000,2.52694444444444,"fixed_gear","NOR",1,2016
"1562",18803,2016-01-29,69.2,14.6,258545000,2.54194444444444,"fixed_gear","NOR",1,2016
"1563",18804,2016-01-29,69.2,15.1,257367000,0.410555555555556,"trawlers","NOR",1,2016
"1564",18805,2016-01-29,69.2,15.2,257367000,1.83569444444444,"trawlers","NOR",1,2016
"1565",18806,2016-01-29,69.2,15.3,257367000,0.632361111111111,"trawlers","NOR",1,2016
"1566",18906,2016-01-29,69.3,16.7,258015500,3.94166666666667,"trawlers","NOR",1,2016
"1567",18907,2016-01-29,69.3,16.7,257131800,0.436944444444444,"fixed_gear","NOR",1,2016
"1568",18908,2016-01-29,69.3,16.7,257430820,0.904444444444444,"fixed_gear","NOR",1,2016
"1569",18909,2016-01-29,69.3,16.8,257430820,2.21791666666667,"fixed_gear","NOR",1,2016
"1570",18910,2016-01-29,69.3,16.1,257523500,3.23791666666667,"trawlers","NOR",1,2016
"1571",18911,2016-01-29,69.3,15.8,257725500,6.34458333333333,"fixed_gear","NOR",1,2016
"1572",18912,2016-01-29,69.3,16.7,257144920,1.45277777777778,"fixed_gear","NOR",1,2016
"1573",18913,2016-01-29,69.3,16.8,257144920,0.450277777777778,"fixed_gear","NOR",1,2016
"1574",18914,2016-01-29,69.3,15.6,257486020,0.630277777777778,"fixed_gear","NOR",1,2016
"1575",18915,2016-01-29,69.3,16.7,257074640,3.55847222222222,"purse_seines","NOR",1,2016
"1576",18916,2016-01-29,69.3,16.8,257074640,0.403055555555556,"purse_seines","NOR",1,2016
"1577",18917,2016-01-29,69.3,15.3,257367000,1.34555555555556,"trawlers","NOR",1,2016
"1578",18918,2016-01-29,69.3,15.1,257367000,1.80597222222222,"trawlers","NOR",1,2016
"1579",18919,2016-01-29,69.3,15.4,257367000,1.55625,"trawlers","NOR",1,2016
"1580",18920,2016-01-29,69.3,15.2,257367000,1.04861111111111,"trawlers","NOR",1,2016
"1581",18921,2016-01-29,69.3,16.8,257803500,1.11861111111111,"trawlers","NOR",1,2016
"1582",18922,2016-01-29,69.3,17.1,257803500,0.305555555555556,"trawlers","NOR",1,2016
"1583",19031,2016-01-29,69.4,16.8,257131800,0.906527777777778,"fixed_gear","NOR",1,2016
"1584",19032,2016-01-29,69.4,16.7,257131800,0.250416666666667,"fixed_gear","NOR",1,2016
"1585",19033,2016-01-29,69.4,15.9,257523500,2.05486111111111,"trawlers","NOR",1,2016
"1586",19034,2016-01-29,69.4,16.1,257523500,0.777916666666667,"trawlers","NOR",1,2016
"1587",19035,2016-01-29,69.4,16,257523500,4.65694444444444,"trawlers","NOR",1,2016
"1588",19036,2016-01-29,69.4,16,257459500,3.83652777777778,"purse_seines","NOR",1,2016
"1589",19037,2016-01-29,69.4,16.1,257459500,0.632222222222222,"purse_seines","NOR",1,2016
"1590",19038,2016-01-29,69.4,16.1,257576500,6.33763888888889,"trawlers","NOR",1,2016
"1591",19039,2016-01-29,69.4,16,257576500,2.91125,"trawlers","NOR",1,2016
"1592",19040,2016-01-29,69.4,16.8,257557600,3.36777777777778,"trawlers","NOR",1,2016
"1593",19041,2016-01-29,69.4,16.6,259109000,0.316666666666667,"purse_seines","NOR",1,2016
"1594",19042,2016-01-29,69.4,17.1,257157520,0.64,"trawlers","NOR",1,2016
"1595",19043,2016-01-29,69.4,16,259449000,1.30708333333333,"trawlers","NOR",1,2016
"1596",19044,2016-01-29,69.4,15.9,259449000,3.89986111111111,"trawlers","NOR",1,2016
"1597",19045,2016-01-29,69.4,17.4,257302720,16.4018055555556,"fixed_gear","NOR",1,2016
"1598",19046,2016-01-29,69.4,16.9,257803500,7.37944444444445,"trawlers","NOR",1,2016
"1599",19047,2016-01-29,69.4,16.8,257803500,1.42055555555556,"trawlers","NOR",1,2016
"1600",19170,2016-01-29,69.5,16.6,258015500,2.80972222222222,"trawlers","NOR",1,2016
"1601",19171,2016-01-29,69.5,16.5,258015500,2.29791666666667,"trawlers","NOR",1,2016
"1602",19172,2016-01-29,69.5,17.7,257041940,3.18611111111111,"trawlers","NOR",1,2016
"1603",19173,2016-01-29,69.5,17.6,257041940,0.262916666666667,"trawlers","NOR",1,2016
"1604",19174,2016-01-29,69.5,17.3,257176640,6.81388888888889,"fixed_gear","NOR",1,2016
"1605",19175,2016-01-29,69.5,17.4,257123140,9.89708333333333,"fixed_gear","NOR",1,2016
"1606",19176,2016-01-29,69.5,17.7,257171020,0.291666666666667,"trawlers","NOR",1,2016
"1607",19177,2016-01-29,69.5,17.6,257105740,0.875138888888889,"fixed_gear","NOR",1,2016
"1608",19178,2016-01-29,69.5,17.5,257164640,1.02388888888889,"fixed_gear","NOR",1,2016
"1609",19179,2016-01-29,69.5,17.5,257030500,10.5916666666667,"fixed_gear","NOR",1,2016
"1610",19180,2016-01-29,69.5,17.6,258470000,0.785833333333333,"trawlers","NOR",1,2016
"1611",19181,2016-01-29,69.5,20.4,257419900,2.50375,"fixed_gear","NOR",1,2016
"1612",19182,2016-01-29,69.5,16.6,259109000,0.330833333333333,"purse_seines","NOR",1,2016
"1613",19183,2016-01-29,69.5,16.7,259109000,0.784583333333333,"purse_seines","NOR",1,2016
"1614",19184,2016-01-29,69.5,17.6,257030540,0.532222222222222,"fixed_gear","NOR",1,2016
"1615",19185,2016-01-29,69.5,17.5,257030540,0.909722222222222,"fixed_gear","NOR",1,2016
"1616",19186,2016-01-29,69.5,17.1,257157520,1.48111111111111,"trawlers","NOR",1,2016
"1617",19187,2016-01-29,69.5,17.2,257157520,5.16958333333333,"trawlers","NOR",1,2016
"1618",19188,2016-01-29,69.5,17.9,257159320,0.233055555555556,"fixed_gear","NOR",1,2016
"1619",19189,2016-01-29,69.5,17.6,257164700,0.819583333333333,"fixed_gear","NOR",1,2016
"1620",19190,2016-01-29,69.5,17.5,257310640,2.96430555555556,"fixed_gear","NOR",1,2016
"1621",19191,2016-01-29,69.5,17.6,257310640,0.940138888888889,"fixed_gear","NOR",1,2016
"1622",19192,2016-01-29,69.5,17.4,257302720,8.60375,"fixed_gear","NOR",1,2016
"1623",19284,2016-01-29,69.6,17.8,257310740,4.78166666666667,"fixed_gear","NOR",1,2016
"1624",19285,2016-01-29,69.6,17.8,257132820,0.566111111111111,"fixed_gear","NOR",1,2016
"1625",19286,2016-01-29,69.6,17.9,257201940,0.279166666666667,"fixed_gear","NOR",1,2016
"1626",19287,2016-01-29,69.6,17.8,257201940,3.56861111111111,"fixed_gear","NOR",1,2016
"1627",19288,2016-01-29,69.6,17.9,257156120,5.54847222222222,"fixed_gear","NOR",1,2016
"1628",19289,2016-01-29,69.6,18,257156120,0.274722222222222,"fixed_gear","NOR",1,2016
"1629",19290,2016-01-29,69.6,17.9,257130040,0.278194444444444,"trawlers","NOR",1,2016
"1630",19291,2016-01-29,69.6,17.8,257130040,1.92986111111111,"trawlers","NOR",1,2016
"1631",19292,2016-01-29,69.6,18,257117500,2.67819444444444,"other_fishing","NOR",1,2016
"1632",19293,2016-01-29,69.6,17.9,257117500,4.24958333333333,"other_fishing","NOR",1,2016
"1633",19294,2016-01-29,69.6,17.3,257123140,14.88625,"fixed_gear","NOR",1,2016
"1634",19295,2016-01-29,69.6,17.4,257123140,0.412361111111111,"fixed_gear","NOR",1,2016
"1635",19296,2016-01-29,69.6,17.8,257938500,2.71013888888889,"fixed_gear","NOR",1,2016
"1636",19297,2016-01-29,69.6,17.8,257122120,0.266805555555556,"fixed_gear","NOR",1,2016
"1637",19298,2016-01-29,69.6,17.9,257122120,3.64138888888889,"fixed_gear","NOR",1,2016
"1638",19299,2016-01-29,69.6,17.6,257171020,0.557916666666667,"trawlers","NOR",1,2016
"1639",19300,2016-01-29,69.6,17.4,257171020,1.51819444444444,"trawlers","NOR",1,2016
"1640",19301,2016-01-29,69.6,17.3,257171020,0.745,"trawlers","NOR",1,2016
"1641",19302,2016-01-29,69.6,17.7,257171020,0.552777777777778,"trawlers","NOR",1,2016
"1642",19303,2016-01-29,69.6,17.5,257105740,0.811805555555555,"fixed_gear","NOR",1,2016
"1643",19304,2016-01-29,69.6,17.4,257105740,1.74625,"fixed_gear","NOR",1,2016
"1644",19305,2016-01-29,69.6,17.4,257863500,4.01902777777778,"fixed_gear","NOR",1,2016
"1645",19306,2016-01-29,69.6,17.6,257863500,0.536666666666667,"fixed_gear","NOR",1,2016
"1646",19307,2016-01-29,69.6,17.9,257118800,3.05958333333333,"purse_seines","NOR",1,2016
"1647",19308,2016-01-29,69.6,17.8,257118800,2.15277777777778,"purse_seines","NOR",1,2016
"1648",19309,2016-01-29,69.6,35.1,273322840,21.3147222222222,"trawlers","RUS",1,2016
"1649",19310,2016-01-29,69.6,17.4,257181020,0.815833333333333,"fixed_gear","NOR",1,2016
"1650",19311,2016-01-29,69.6,17.5,257164640,0.263888888888889,"fixed_gear","NOR",1,2016
"1651",19312,2016-01-29,69.6,17.3,257164640,0.554027777777778,"fixed_gear","NOR",1,2016
"1652",19313,2016-01-29,69.6,17.4,257164640,1.31791666666667,"fixed_gear","NOR",1,2016
"1653",19314,2016-01-29,69.6,18,257246820,3.85944444444444,"fixed_gear","NOR",1,2016
"1654",19315,2016-01-29,69.6,17.5,257030500,0.841805555555556,"fixed_gear","NOR",1,2016
"1655",19316,2016-01-29,69.6,17.4,257030500,0.620555555555556,"fixed_gear","NOR",1,2016
"1656",19317,2016-01-29,69.6,18,257006700,0.934444444444445,"fixed_gear","NOR",1,2016
"1657",19318,2016-01-29,69.6,18,257430920,0.795833333333333,"fixed_gear","NOR",1,2016
"1658",19319,2016-01-29,69.6,17.6,257430920,2.25305555555556,"fixed_gear","NOR",1,2016
"1659",19320,2016-01-29,69.6,17.7,257430920,0.266111111111111,"fixed_gear","NOR",1,2016
"1660",19321,2016-01-29,69.6,17.5,257430920,0.856944444444444,"fixed_gear","NOR",1,2016
"1661",19322,2016-01-29,69.6,17.4,257308040,0.214305555555556,"fixed_gear","NOR",1,2016
"1662",19323,2016-01-29,69.6,16.8,259109000,0.6,"purse_seines","NOR",1,2016
"1663",19324,2016-01-29,69.6,16.9,259109000,0.285,"purse_seines","NOR",1,2016
"1664",19325,2016-01-29,69.6,17.4,257135500,9.67013888888889,"fixed_gear","NOR",1,2016
"1665",19326,2016-01-29,69.6,17.8,257679500,3.27083333333333,"fixed_gear","NOR",1,2016
"1666",19327,2016-01-29,69.6,17.6,257030540,2.95361111111111,"fixed_gear","NOR",1,2016
"1667",19328,2016-01-29,69.6,17.5,257030540,2.16555555555556,"fixed_gear","NOR",1,2016
"1668",19329,2016-01-29,69.6,17.8,257309840,2.71902777777778,"fixed_gear","NOR",1,2016
"1669",19330,2016-01-29,69.6,17.7,257926800,0.788333333333333,"fixed_gear","NOR",1,2016
"1670",19331,2016-01-29,69.6,17.6,257926800,7.54472222222222,"fixed_gear","NOR",1,2016
"1671",19332,2016-01-29,69.6,17.6,257085840,0.858333333333333,"fixed_gear","NOR",1,2016
"1672",19333,2016-01-29,69.6,17.5,257085840,2.37861111111111,"fixed_gear","NOR",1,2016
"1673",19334,2016-01-29,69.6,18,257156500,1.36013888888889,"other_fishing","NOR",1,2016
"1674",19335,2016-01-29,69.6,18.1,257156500,1.08847222222222,"other_fishing","NOR",1,2016
"1675",19336,2016-01-29,69.6,17.8,257159320,3.65138888888889,"fixed_gear","NOR",1,2016
"1676",19337,2016-01-29,69.6,17.5,257164700,1.83041666666667,"fixed_gear","NOR",1,2016
"1677",19338,2016-01-29,69.6,17.6,257164700,0.794722222222222,"fixed_gear","NOR",1,2016
"1678",19339,2016-01-29,69.6,18,257313700,0.2625,"fixed_gear","NOR",1,2016
"1679",19340,2016-01-29,69.6,17.9,257313700,1.43736111111111,"fixed_gear","NOR",1,2016
"1680",19341,2016-01-29,69.6,17.4,257100740,4.73291666666667,"fixed_gear","NOR",1,2016
"1681",19342,2016-01-29,69.6,17.5,257100740,0.283472222222222,"fixed_gear","NOR",1,2016
"1682",19343,2016-01-29,69.6,17.5,257160140,2.34666666666667,"fixed_gear","NOR",1,2016
"1683",19344,2016-01-29,69.6,17.6,257160140,0.341666666666667,"fixed_gear","NOR",1,2016
"1684",19345,2016-01-29,69.6,17.3,257531600,1.12027777777778,"fixed_gear","NOR",1,2016
"1685",19346,2016-01-29,69.6,17.4,257531600,2.39916666666667,"fixed_gear","NOR",1,2016
"1686",19347,2016-01-29,69.6,17.8,258519510,5.65722222222222,"fixed_gear","NOR",1,2016
"1687",19348,2016-01-29,69.6,17.8,257213920,4.875,"fixed_gear","NOR",1,2016
"1688",19349,2016-01-29,69.6,17.9,257213920,0.26625,"fixed_gear","NOR",1,2016
"1689",19350,2016-01-29,69.6,17.4,257071340,4.18083333333333,"fixed_gear","NOR",1,2016
"1690",19351,2016-01-29,69.6,17.3,257071340,5.57333333333333,"fixed_gear","NOR",1,2016
"1691",19401,2016-01-29,69.7,19,257208840,0.324583333333333,"fixed_gear","NOR",1,2016
"1692",19402,2016-01-29,69.7,17.8,257157640,4.58541666666667,"purse_seines","NOR",1,2016
"1693",19403,2016-01-29,69.7,17.9,257132820,0.270694444444444,"fixed_gear","NOR",1,2016
"1694",19404,2016-01-29,69.7,18,257132820,0.26625,"fixed_gear","NOR",1,2016
"1695",19405,2016-01-29,69.7,17.8,257132820,4.58402777777778,"fixed_gear","NOR",1,2016
"1696",19406,2016-01-29,69.7,17.8,257201940,0.265694444444444,"fixed_gear","NOR",1,2016
"1697",19407,2016-01-29,69.7,17.4,257181020,3.50569444444444,"fixed_gear","NOR",1,2016
"1698",19408,2016-01-29,69.7,16.9,259109000,0.306805555555556,"purse_seines","NOR",1,2016
"1699",19409,2016-01-29,69.7,17,259109000,0.963472222222222,"purse_seines","NOR",1,2016
"1700",19410,2016-01-29,69.7,17.8,257313700,1.83277777777778,"fixed_gear","NOR",1,2016
"1701",19457,2016-01-29,69.8,17,273312270,0.873888888888889,"trawlers","RUS",1,2016
"1702",19458,2016-01-29,69.8,17.5,259536000,7.30430555555556,"fixed_gear","NOR",1,2016
"1703",19459,2016-01-29,69.8,17.6,259536000,4.90486111111111,"fixed_gear","NOR",1,2016
"1704",19460,2016-01-29,69.8,17.1,259109000,0.891527777777778,"purse_seines","NOR",1,2016
"1705",19461,2016-01-29,69.8,18.4,257341120,17.8383333333333,"trawlers","NOR",1,2016
"1706",19520,2016-01-29,69.9,18.2,257327120,13.8854166666667,"trawlers","NOR",1,2016
"1707",19521,2016-01-29,69.9,30.3,273213010,0.839027777777778,"trawlers","RUS",1,2016
"1708",19522,2016-01-29,69.9,30.2,273213010,1.64069444444444,"trawlers","RUS",1,2016
"1709",19523,2016-01-29,69.9,30.5,273213010,1.23833333333333,"trawlers","RUS",1,2016
"1710",19524,2016-01-29,69.9,31,259302000,1.66222222222222,"trawlers","NOR",1,2016
"1711",19525,2016-01-29,69.9,30.9,259302000,1.60166666666667,"trawlers","NOR",1,2016
"1712",19526,2016-01-29,69.9,17.3,259536000,4.05013888888889,"fixed_gear","NOR",1,2016
"1713",19527,2016-01-29,69.9,17.2,259536000,4.93069444444444,"fixed_gear","NOR",1,2016
"1714",19528,2016-01-29,69.9,17.4,259536000,4.10597222222222,"fixed_gear","NOR",1,2016
"1715",19529,2016-01-29,69.9,20.8,257469320,0.449305555555556,"fixed_gear","NOR",1,2016
"1716",19530,2016-01-29,69.9,17.2,259109000,1.41583333333333,"purse_seines","NOR",1,2016
"1717",19531,2016-01-29,69.9,21.1,257921700,12.82375,"fixed_gear","NOR",1,2016
"1718",19532,2016-01-29,69.9,21.2,257921700,1.01375,"fixed_gear","NOR",1,2016
"1719",19533,2016-01-29,69.9,18,257538500,2.48236111111111,"fixed_gear","NOR",1,2016
"1720",19534,2016-01-29,69.9,18.1,257538500,1.83444444444444,"fixed_gear","NOR",1,2016
"1721",19591,2016-01-29,70,18.3,257660500,3.24986111111111,"fixed_gear","NOR",1,2016
"1722",19660,2016-01-29,70.1,18.3,257660500,1.59875,"fixed_gear","NOR",1,2016
"1723",19661,2016-01-29,70.1,31.3,259302000,4.11388888888889,"trawlers","NOR",1,2016
"1724",19662,2016-01-29,70.1,31.2,259302000,4.11361111111111,"trawlers","NOR",1,2016
"1725",19663,2016-01-29,70.1,28.9,257215420,2.72555555555556,"fixed_gear","NOR",1,2016
"1726",19735,2016-01-29,70.2,17.2,273348570,6.53333333333333,"trawlers","RUS",1,2016
"1727",19736,2016-01-29,70.2,19.4,257137640,0.812916666666667,"purse_seines","NOR",1,2016
"1728",19790,2016-01-29,70.3,31.5,257699600,11.4663888888889,"trawlers","NOR",1,2016
"1729",19791,2016-01-29,70.3,32,257312540,4.90708333333333,"fixed_gear","NOR",1,2016
"1730",19792,2016-01-29,70.3,19.5,257192240,17.1836111111111,"fixed_gear","NOR",1,2016
"1731",19793,2016-01-29,70.3,19.4,257192240,1.62041666666667,"fixed_gear","NOR",1,2016
"1732",19794,2016-01-29,70.3,17.2,273332880,4.05666666666667,"trawlers","RUS",1,2016
"1733",19795,2016-01-29,70.3,17.2,273425330,3.29416666666667,"trawlers","RUS",1,2016
"1734",19796,2016-01-29,70.3,17.1,273425330,1.6225,"trawlers","RUS",1,2016
"1735",19797,2016-01-29,70.3,17.2,273348570,4.04555555555556,"trawlers","RUS",1,2016
"1736",19798,2016-01-29,70.3,19.5,257137640,0.812638888888889,"purse_seines","NOR",1,2016
"1737",19864,2016-01-29,70.4,32.1,257312540,6.54430555555555,"fixed_gear","NOR",1,2016
"1738",19865,2016-01-29,70.4,21.5,257346920,5.6225,"fixed_gear","NOR",1,2016
"1739",19866,2016-01-29,70.4,21.6,257346920,2.15083333333333,"fixed_gear","NOR",1,2016
"1740",19867,2016-01-29,70.4,17.2,273332880,4.10097222222222,"trawlers","RUS",1,2016
"1741",19868,2016-01-29,70.4,17.1,273332880,6.55166666666667,"trawlers","RUS",1,2016
"1742",19869,2016-01-29,70.4,17.1,273425330,8.9275,"trawlers","RUS",1,2016
"1743",19870,2016-01-29,70.4,17.3,273348570,1.64555555555556,"trawlers","RUS",1,2016
"1744",19871,2016-01-29,70.4,17.2,273348570,1.63277777777778,"trawlers","RUS",1,2016
"1745",19947,2016-01-29,70.5,21.7,257039740,1.88944444444444,"fixed_gear","NOR",1,2016
"1746",19948,2016-01-29,70.5,21.8,257039740,0.528888888888889,"fixed_gear","NOR",1,2016
"1747",19949,2016-01-29,70.5,17.1,273332880,4.09319444444444,"trawlers","RUS",1,2016
"1748",19950,2016-01-29,70.5,17.1,273425330,7.47125,"trawlers","RUS",1,2016
"1749",19951,2016-01-29,70.5,21.7,257077440,1.29388888888889,"fixed_gear","NOR",1,2016
"1750",19952,2016-01-29,70.5,17.3,273348570,3.29916666666667,"trawlers","RUS",1,2016
"1751",19953,2016-01-29,70.5,17.2,273348570,3.28222222222222,"trawlers","RUS",1,2016
"1752",19954,2016-01-29,70.5,20.7,257487600,1.60555555555556,"purse_seines","NOR",1,2016
"1753",19991,2016-01-29,45,-1.3,227120900,2.80680555555556,"trawlers","FRA",1,2016
"1754",19992,2016-01-29,45,13.2,247050760,1.32708333333333,"trawlers","ITA",1,2016
"1755",19993,2016-01-29,45,12.5,247050520,1.84055555555556,"trawlers","ITA",1,2016
"1756",19994,2016-01-29,45,12.6,247050520,0.528888888888889,"trawlers","ITA",1,2016
"1757",19995,2016-01-29,45,12.4,247051820,0.134027777777778,"trawlers","ITA",1,2016
"1758",19996,2016-01-29,45,-1.3,227442000,1.46583333333333,"trawlers","FRA",1,2016
"1759",19997,2016-01-29,45,12.9,247050620,0.48875,"purse_seines","ITA",1,2016
"1760",19998,2016-01-29,45,13,247050110,0.263888888888889,"trawlers","ITA",1,2016
"1761",19999,2016-01-29,45,13.1,247050110,4.57930555555556,"trawlers","ITA",1,2016
"1762",20000,2016-01-29,45,12.7,247070340,0.507222222222222,"trawlers","ITA",1,2016
"1763",20001,2016-01-29,45,12.8,247070340,1.40513888888889,"trawlers","ITA",1,2016
"1764",20002,2016-01-29,45,12.9,247070340,0.273333333333333,"trawlers","ITA",1,2016
"1765",20003,2016-01-29,45,13,247070340,2.88208333333333,"trawlers","ITA",1,2016
"1766",20004,2016-01-29,45,-1.6,227418000,16.3494444444444,"fixed_gear","FRA",1,2016
"1767",20005,2016-01-29,45,13.4,238592410,0.26125,"trawlers","HRV",1,2016
"1768",20006,2016-01-29,45,13.5,238592410,11.4801388888889,"trawlers","HRV",1,2016
"1769",20007,2016-01-29,45,13.2,247051680,10.4547222222222,"trawlers","ITA",1,2016
"1770",20008,2016-01-29,45,-1.6,227875000,0.467361111111111,"fixed_gear","FRA",1,2016
"1771",20009,2016-01-29,45,36.4,273377720,6.68222222222222,"trawlers","RUS",1,2016
"1772",20010,2016-01-29,45,13.1,238998210,1.34958333333333,"trawlers","HRV",1,2016
"1773",20011,2016-01-29,45,13.2,238998210,4.58819444444445,"trawlers","HRV",1,2016
"1774",20012,2016-01-29,45,12.9,247051470,2.37694444444444,"trawlers","ITA",1,2016
"1775",20013,2016-01-29,45,13,247051470,2.28138888888889,"trawlers","ITA",1,2016
"1776",20014,2016-01-29,45,12.8,247051470,0.841388888888889,"trawlers","ITA",1,2016
"1777",20015,2016-01-29,45,12.4,247053530,1.68708333333333,"trawlers","ITA",1,2016
"1778",20016,2016-01-29,45,-65.9,316023522,5.55319444444444,"trawlers","CAN",1,2016
"1779",20017,2016-01-29,45,-65.8,316001514,16.6148611111111,"trawlers","CAN",1,2016
"1780",20018,2016-01-29,45,-65.9,316001514,0.42375,"trawlers","CAN",1,2016
"1781",20019,2016-01-29,70.6,21.1,259562000,1.95763888888889,"fixed_gear","NOR",1,2016
"1782",20020,2016-01-29,70.6,17.1,273332880,5.75458333333333,"trawlers","RUS",1,2016
"1783",20021,2016-01-29,70.6,17,273425330,2.51458333333333,"trawlers","RUS",1,2016
"1784",20022,2016-01-29,70.6,17.1,273425330,1.62152777777778,"trawlers","RUS",1,2016
"1785",20058,2016-01-29,45.1,13.2,247050760,2.66375,"trawlers","ITA",1,2016
"1786",20059,2016-01-29,45.1,12.9,247050760,0.579444444444445,"trawlers","ITA",1,2016
"1787",20060,2016-01-29,45.1,13.1,247050760,7.30666666666667,"trawlers","ITA",1,2016
"1788",20061,2016-01-29,45.1,13,247050760,0.793333333333333,"trawlers","ITA",1,2016
"1789",20062,2016-01-29,45.1,-1.3,228917000,4.84291666666667,"fixed_gear","FRA",1,2016
"1790",20063,2016-01-29,45.1,12.6,247050520,0.51375,"trawlers","ITA",1,2016
"1791",20064,2016-01-29,45.1,12.5,247050520,0.945694444444444,"trawlers","ITA",1,2016
"1792",20065,2016-01-29,45.1,12.6,247073060,0.968194444444445,"trawlers","ITA",1,2016
"1793",20066,2016-01-29,45.1,12.7,247073060,1.99972222222222,"trawlers","ITA",1,2016
"1794",20067,2016-01-29,45.1,12.4,247051820,0.12625,"trawlers","ITA",1,2016
"1795",20068,2016-01-29,45.1,-1.6,227418000,5.27097222222222,"fixed_gear","FRA",1,2016
"1796",20069,2016-01-29,45.1,-1.4,227855000,8.71694444444444,"fixed_gear","FRA",1,2016
"1797",20070,2016-01-29,45.1,12.8,247051680,0.519166666666667,"trawlers","ITA",1,2016
"1798",20071,2016-01-29,45.1,12.9,247051680,0.520972222222222,"trawlers","ITA",1,2016
"1799",20072,2016-01-29,45.1,12.4,247056570,7.49652777777778,"trawlers","ITA",1,2016
"1800",20073,2016-01-29,45.1,13.2,238998210,1.37,"trawlers","HRV",1,2016
"1801",20074,2016-01-29,45.1,-1.3,228166600,9.52527777777778,"fixed_gear","FRA",1,2016
"1802",20075,2016-01-29,45.1,13.1,247051720,7.31361111111111,"trawlers","ITA",1,2016
"1803",20076,2016-01-29,45.1,12.8,247051720,0.132083333333333,"trawlers","ITA",1,2016
"1804",20077,2016-01-29,45.1,13,247051720,0.790416666666667,"trawlers","ITA",1,2016
"1805",20078,2016-01-29,45.1,12.9,247051720,0.564583333333333,"trawlers","ITA",1,2016
"1806",20079,2016-01-29,45.1,13.2,247051720,0.757916666666667,"trawlers","ITA",1,2016
"1807",20080,2016-01-29,45.1,12.7,247051470,5.83958333333333,"trawlers","ITA",1,2016
"1808",20081,2016-01-29,45.1,12.6,247051470,2.70958333333333,"trawlers","ITA",1,2016
"1809",20082,2016-01-29,45.1,12.5,247051470,0.938333333333333,"trawlers","ITA",1,2016
"1810",20083,2016-01-29,45.1,12.8,247051470,1.66027777777778,"trawlers","ITA",1,2016
"1811",20084,2016-01-29,45.1,13,247050450,0.631666666666667,"trawlers","ITA",1,2016
"1812",20085,2016-01-29,45.1,12.6,247050450,1.78916666666667,"trawlers","ITA",1,2016
"1813",20086,2016-01-29,45.1,12.7,247050450,1.70375,"trawlers","ITA",1,2016
"1814",20087,2016-01-29,45.1,13.2,247050450,0.266666666666667,"trawlers","ITA",1,2016
"1815",20088,2016-01-29,45.1,12.8,247050450,0.770138888888889,"trawlers","ITA",1,2016
"1816",20089,2016-01-29,45.1,13.1,247050450,2.14902777777778,"trawlers","ITA",1,2016
"1817",20090,2016-01-29,45.1,12.9,247050450,0.765555555555556,"trawlers","ITA",1,2016
"1818",20091,2016-01-29,45.1,12.5,247050450,0.377777777777778,"trawlers","ITA",1,2016
"1819",20092,2016-01-29,45.1,12.3,247053530,0.298055555555556,"trawlers","ITA",1,2016
"1820",20093,2016-01-29,45.1,12.4,247053530,9.05944444444444,"trawlers","ITA",1,2016
"1821",20094,2016-01-29,45.1,-65.8,316001514,0.347777777777778,"trawlers","CAN",1,2016
"1822",20095,2016-01-29,45.1,12.6,247050480,2.07583333333333,"trawlers","ITA",1,2016
"1823",20096,2016-01-29,45.1,13,247050480,1.58861111111111,"trawlers","ITA",1,2016
"1824",20097,2016-01-29,45.1,12.9,247050480,1.86180555555556,"trawlers","ITA",1,2016
"1825",20098,2016-01-29,45.1,13.1,247050480,4.06347222222222,"trawlers","ITA",1,2016
"1826",20099,2016-01-29,45.1,12.5,247050480,0.961666666666667,"trawlers","ITA",1,2016
"1827",20100,2016-01-29,45.1,12.8,247050480,1.56694444444444,"trawlers","ITA",1,2016
"1828",20101,2016-01-29,45.1,12.7,247050480,2.76597222222222,"trawlers","ITA",1,2016
"1829",20102,2016-01-29,70.7,23.5,259637000,1.82208333333333,"trawlers","NOR",1,2016
"1830",20103,2016-01-29,70.7,17.5,258154000,3.29041666666667,"fixed_gear","NOR",1,2016
"1831",20104,2016-01-29,70.7,17.4,258154000,3.32486111111111,"fixed_gear","NOR",1,2016
"1832",20105,2016-01-29,70.7,17.3,258154000,0.808194444444444,"fixed_gear","NOR",1,2016
"1833",20106,2016-01-29,70.7,21.1,259562000,2.31138888888889,"fixed_gear","NOR",1,2016
"1834",20107,2016-01-29,70.7,21,259562000,4.76263888888889,"fixed_gear","NOR",1,2016
"1835",20108,2016-01-29,70.7,23.4,257150240,1.19916666666667,"trawlers","NOR",1,2016
"1836",20109,2016-01-29,70.7,29.8,257180800,0.455972222222222,"fixed_gear","NOR",1,2016
"1837",20110,2016-01-29,70.7,29.3,257424800,1.91361111111111,"fixed_gear","NOR",1,2016
"1838",20111,2016-01-29,70.7,29.3,257086140,2.08138888888889,"fixed_gear","NOR",1,2016
"1839",20112,2016-01-29,70.7,29.4,257086140,0.865694444444445,"fixed_gear","NOR",1,2016
"1840",20113,2016-01-29,70.7,31.7,257030600,2.47625,"fixed_gear","NOR",1,2016
"1841",20114,2016-01-29,70.7,30.1,257108940,4.31333333333333,"fixed_gear","NOR",1,2016
"1842",20115,2016-01-29,70.7,30,257108940,1.64125,"fixed_gear","NOR",1,2016
"1843",20116,2016-01-29,70.7,29.9,257313740,1.27805555555556,"fixed_gear","NOR",1,2016
"1844",20117,2016-01-29,70.7,30,257313740,1.37027777777778,"fixed_gear","NOR",1,2016
"1845",20153,2016-01-29,45.2,-1.4,227424000,13.2309722222222,"fixed_gear","FRA",1,2016
"1846",20154,2016-01-29,45.2,-1.3,228917000,2.19,"fixed_gear","FRA",1,2016
"1847",20155,2016-01-29,45.2,13,247051030,0.512638888888889,"trawlers","ITA",1,2016
"1848",20156,2016-01-29,45.2,12.6,247073060,0.514027777777778,"trawlers","ITA",1,2016
"1849",20157,2016-01-29,45.2,12.7,247073060,2.88097222222222,"trawlers","ITA",1,2016
"1850",20158,2016-01-29,45.2,-1.5,228114000,7.91861111111111,"fixed_gear","FRA",1,2016
"1851",20159,2016-01-29,45.2,-1.6,228114000,9.71875,"fixed_gear","FRA",1,2016
"1852",20160,2016-01-29,45.2,13.2,238581110,1.57444444444444,"trawlers","HRV",1,2016
"1853",20161,2016-01-29,45.2,13.3,238581110,7.59180555555555,"trawlers","HRV",1,2016
"1854",20163,2016-01-29,45.2,13,247051720,0.568888888888889,"trawlers","ITA",1,2016
"1855",20164,2016-01-29,45.2,13.2,247051720,8.48236111111111,"trawlers","ITA",1,2016
"1856",20165,2016-01-29,45.2,13.1,247051720,0.734444444444444,"trawlers","ITA",1,2016
"1857",20166,2016-01-29,45.2,12.8,247050450,1.165,"trawlers","ITA",1,2016
"1858",20167,2016-01-29,45.2,12.9,247050450,1.16583333333333,"trawlers","ITA",1,2016
"1859",20168,2016-01-29,45.2,12.5,247050450,0.772777777777778,"trawlers","ITA",1,2016
"1860",20169,2016-01-29,45.2,13,247050450,3.51722222222222,"trawlers","ITA",1,2016
"1861",20170,2016-01-29,45.2,13.1,247050450,2.69847222222222,"trawlers","ITA",1,2016
"1862",20171,2016-01-29,45.2,12.3,247055830,4.46375,"trawlers","ITA",1,2016
"1863",20172,2016-01-29,45.2,13.1,247050480,2.66986111111111,"trawlers","ITA",1,2016
"1864",20173,2016-01-29,70.8,23.5,259637000,0.7825,"trawlers","NOR",1,2016
"1865",20174,2016-01-29,70.8,23.4,259637000,0.262777777777778,"trawlers","NOR",1,2016
"1866",20175,2016-01-29,70.8,20.9,259562000,4.13541666666667,"fixed_gear","NOR",1,2016
"1867",20176,2016-01-29,70.8,21,259562000,1.82305555555556,"fixed_gear","NOR",1,2016
"1868",20177,2016-01-29,70.8,20.8,259562000,5.16444444444444,"fixed_gear","NOR",1,2016
"1869",20178,2016-01-29,70.8,29.6,257131320,6.67111111111111,"fixed_gear","NOR",1,2016
"1870",20179,2016-01-29,70.8,29.7,257313620,6.56805555555555,"fixed_gear","NOR",1,2016
"1871",20180,2016-01-29,70.8,29.6,257313620,1.34208333333333,"fixed_gear","NOR",1,2016
"1872",20181,2016-01-29,70.8,29.2,257201020,0.345972222222222,"fixed_gear","NOR",1,2016
"1873",20182,2016-01-29,70.8,29.8,257180800,3.82027777777778,"fixed_gear","NOR",1,2016
"1874",20183,2016-01-29,70.8,29.7,257180800,0.0372222222222222,"fixed_gear","NOR",1,2016
"1875",20184,2016-01-29,70.8,29.3,257423000,0.918888888888889,"trawlers","NOR",1,2016
"1876",20185,2016-01-29,70.8,28.5,257001410,1.55555555555556,"fixed_gear","NOR",1,2016
"1877",20186,2016-01-29,70.8,31.8,257030600,2.50152777777778,"fixed_gear","NOR",1,2016
"1878",20187,2016-01-29,70.8,31.9,257030600,5.64597222222222,"fixed_gear","NOR",1,2016
"1879",20188,2016-01-29,70.8,32.1,257030600,3.31361111111111,"fixed_gear","NOR",1,2016
"1880",20189,2016-01-29,70.8,32,257030600,2.43861111111111,"fixed_gear","NOR",1,2016
"1881",20190,2016-01-29,70.8,31,257699800,10.6540277777778,"trawlers","NOR",1,2016
"1882",20191,2016-01-29,70.8,31.1,257699800,2.32152777777778,"trawlers","NOR",1,2016
"1883",20192,2016-01-29,70.8,30.8,257101030,2.21638888888889,"fixed_gear","NOR",1,2016
"1884",20242,2016-01-29,45.3,12.9,247051030,0.26625,"trawlers","ITA",1,2016
"1885",20243,2016-01-29,45.3,13.1,247051030,1.04236111111111,"trawlers","ITA",1,2016
"1886",20244,2016-01-29,45.3,13,247051030,9.77888888888889,"trawlers","ITA",1,2016
"1887",20245,2016-01-29,45.3,-1.6,227561000,12.0472222222222,"fixed_gear","FRA",1,2016
"1888",20249,2016-01-29,45.3,13.1,247030180,7.07041666666667,"trawlers","ITA",1,2016
"1889",20250,2016-01-29,45.3,13.2,247030180,0.517916666666667,"trawlers","ITA",1,2016
"1890",20252,2016-01-29,45.3,13.1,247051720,0.533472222222222,"trawlers","ITA",1,2016
"1891",20253,2016-01-29,45.3,12.3,247053790,2.95805555555556,"trawlers","ITA",1,2016
"1892",20254,2016-01-29,45.3,-1.3,228101600,4.59458333333333,"trawlers","FRA",1,2016
"1893",20255,2016-01-29,45.3,13.1,247030770,1.03944444444444,"trawlers","ITA",1,2016
"1894",20256,2016-01-29,45.3,13,247030770,2.60777777777778,"trawlers","ITA",1,2016
"1895",20257,2016-01-29,45.3,-1.6,228107000,12.8094444444444,"trawlers","FRA",1,2016
"1896",20258,2016-01-29,70.9,20.8,259562000,3.59111111111111,"fixed_gear","NOR",1,2016
"1897",20259,2016-01-29,70.9,29.2,257667600,4.30777777777778,"fixed_gear","NOR",1,2016
"1898",20260,2016-01-29,70.9,23.2,259092000,0.527916666666667,"trawlers","NOR",1,2016
"1899",20261,2016-01-29,70.9,23.3,259092000,0.259861111111111,"trawlers","NOR",1,2016
"1900",20262,2016-01-29,70.9,28.7,257618500,0.753333333333333,"fixed_gear","NOR",1,2016
"1901",20263,2016-01-29,70.9,22.1,273450850,1.92125,"trawlers","RUS",1,2016
"1902",20264,2016-01-29,70.9,22.2,273450850,2.04347222222222,"trawlers","RUS",1,2016
"1903",20265,2016-01-29,70.9,22,273450850,0.749444444444444,"trawlers","RUS",1,2016
"1904",20266,2016-01-29,70.9,29.3,257201020,4.85347222222222,"fixed_gear","NOR",1,2016
"1905",20267,2016-01-29,70.9,29.2,257201020,0.341111111111111,"fixed_gear","NOR",1,2016
"1906",20268,2016-01-29,70.9,45.1,273331070,1.66222222222222,"trawlers","RUS",1,2016
"1907",20269,2016-01-29,70.9,25,257777800,0.801805555555556,"fixed_gear","NOR",1,2016
"1908",20270,2016-01-29,70.9,25.1,257777800,4.08791666666667,"fixed_gear","NOR",1,2016
"1909",20271,2016-01-29,70.9,29.3,257156240,5.66861111111111,"fixed_gear","NOR",1,2016
"1910",20272,2016-01-29,70.9,29.4,257156240,2.92027777777778,"fixed_gear","NOR",1,2016
"1911",20273,2016-01-29,70.9,31.8,259258000,0.839027777777778,"fixed_gear","NOR",1,2016
"1912",20274,2016-01-29,70.9,31.7,259258000,4.12611111111111,"fixed_gear","NOR",1,2016
"1913",20275,2016-01-29,70.9,32,259258000,1.64138888888889,"fixed_gear","NOR",1,2016
"1914",20276,2016-01-29,70.9,31.9,259258000,1.60777777777778,"fixed_gear","NOR",1,2016
"1915",20277,2016-01-29,70.9,29,257423000,1.64986111111111,"trawlers","NOR",1,2016
"1916",20278,2016-01-29,70.9,29.2,257423000,1.35375,"trawlers","NOR",1,2016
"1917",20279,2016-01-29,70.9,28.9,257423000,0.253888888888889,"trawlers","NOR",1,2016
"1918",20280,2016-01-29,70.9,29.1,259609000,5.70111111111111,"trawlers","NOR",1,2016
"1919",20281,2016-01-29,70.9,29.2,259609000,1.56,"trawlers","NOR",1,2016
"1920",20282,2016-01-29,70.9,30.4,257101740,2.81027777777778,"fixed_gear","NOR",1,2016
"1921",20283,2016-01-29,70.9,30.5,257101740,4.13611111111111,"fixed_gear","NOR",1,2016
"1922",20284,2016-01-29,70.9,25,257167800,1.62569444444444,"fixed_gear","NOR",1,2016
"1923",20285,2016-01-29,70.9,25.1,257167800,2.07819444444444,"fixed_gear","NOR",1,2016
"1924",20286,2016-01-29,70.9,31,258307000,9.01861111111111,"fixed_gear","NOR",1,2016
"1925",20287,2016-01-29,70.9,28.6,257001410,6.11902777777778,"fixed_gear","NOR",1,2016
"1926",20288,2016-01-29,70.9,24.8,257309640,0.28625,"fixed_gear","NOR",1,2016
"1927",20289,2016-01-29,70.9,24.7,257309640,1.88375,"fixed_gear","NOR",1,2016
"1928",20290,2016-01-29,70.9,32,257030600,0.829722222222222,"fixed_gear","NOR",1,2016
"1929",20291,2016-01-29,70.9,32.1,257030600,3.28083333333333,"fixed_gear","NOR",1,2016
"1930",20292,2016-01-29,70.9,31.1,257101030,1.62736111111111,"fixed_gear","NOR",1,2016
"1931",20293,2016-01-29,70.9,30.8,257101030,1.91861111111111,"fixed_gear","NOR",1,2016
"1932",20294,2016-01-29,70.9,31,257101030,3.64944444444445,"fixed_gear","NOR",1,2016
"1933",20295,2016-01-29,70.9,30.9,257101030,6.2375,"fixed_gear","NOR",1,2016
"1934",20341,2016-01-29,45.4,-1.6,227561000,0.307777777777778,"fixed_gear","FRA",1,2016
"1935",20342,2016-01-29,45.4,-1.5,228101000,1.85472222222222,"trawlers","FRA",1,2016
"1936",20343,2016-01-29,45.4,13.1,247030180,1.05291666666667,"trawlers","ITA",1,2016
"1937",20344,2016-01-29,45.4,-1.3,228301000,0.256666666666667,"fixed_gear","FRA",1,2016
"1938",20345,2016-01-29,45.4,-1.5,228834000,0.376666666666667,"trawlers","FRA",1,2016
"1939",20346,2016-01-29,45.4,-1.6,228107000,0.265416666666667,"trawlers","FRA",1,2016
"1940",20347,2016-01-29,45.4,-1.5,228107000,1.57638888888889,"trawlers","FRA",1,2016
"1941",20348,2016-01-29,71,23.3,259637000,2.00763888888889,"trawlers","NOR",1,2016
"1942",20349,2016-01-29,71,23,259637000,5.76902777777778,"trawlers","NOR",1,2016
"1943",20350,2016-01-29,71,23.2,259637000,5.71083333333334,"trawlers","NOR",1,2016
"1944",20351,2016-01-29,71,23.1,259637000,2.78708333333333,"trawlers","NOR",1,2016
"1945",20352,2016-01-29,71,22.9,259637000,1.15361111111111,"trawlers","NOR",1,2016
"1946",20353,2016-01-29,71,23.2,257488920,1.12916666666667,"trawlers","NOR",1,2016
"1947",20354,2016-01-29,71,23.3,257488920,2.26041666666667,"trawlers","NOR",1,2016
"1948",20355,2016-01-29,71,23.3,259092000,1.33819444444444,"trawlers","NOR",1,2016
"1949",20356,2016-01-29,71,23.4,259092000,3.22930555555556,"trawlers","NOR",1,2016
"1950",20357,2016-01-29,71,23.2,259092000,3.025,"trawlers","NOR",1,2016
"1951",20358,2016-01-29,71,23.1,259092000,2.50319444444444,"trawlers","NOR",1,2016
"1952",20359,2016-01-29,71,23,259092000,1.20638888888889,"trawlers","NOR",1,2016
"1953",20360,2016-01-29,71,23.5,259092000,0.266666666666667,"trawlers","NOR",1,2016
"1954",20361,2016-01-29,71,30.6,257617700,0.138888888888889,"fixed_gear","NOR",1,2016
"1955",20362,2016-01-29,71,28.9,258185000,0.266111111111111,"trawlers","NOR",1,2016
"1956",20363,2016-01-29,71,22.4,273311280,1.01083333333333,"trawlers","RUS",1,2016
"1957",20364,2016-01-29,71,29.1,258067000,1.06958333333333,"trawlers","NOR",1,2016
"1958",20365,2016-01-29,71,29.2,258067000,1.205,"trawlers","NOR",1,2016
"1959",20366,2016-01-29,71,29.3,258067000,0.490138888888889,"trawlers","NOR",1,2016
"1960",20367,2016-01-29,71,29.4,258067000,0.621388888888889,"trawlers","NOR",1,2016
"1961",20368,2016-01-29,71,28.8,257618500,2.97611111111111,"fixed_gear","NOR",1,2016
"1962",20369,2016-01-29,71,29.1,257618500,1.24472222222222,"fixed_gear","NOR",1,2016
"1963",20370,2016-01-29,71,29,257618500,1.88402777777778,"fixed_gear","NOR",1,2016
"1964",20371,2016-01-29,71,28.9,257618500,2.46652777777778,"fixed_gear","NOR",1,2016
"1965",20372,2016-01-29,71,29.7,273380430,6.02847222222222,"trawlers","RUS",1,2016
"1966",20373,2016-01-29,71,29.9,273380430,0.511388888888889,"trawlers","RUS",1,2016
"1967",20374,2016-01-29,71,29.6,273380430,4.65763888888889,"trawlers","RUS",1,2016
"1968",20375,2016-01-29,71,29.8,273380430,0.459722222222222,"trawlers","RUS",1,2016
"1969",20376,2016-01-29,71,28.9,259282000,0.273472222222222,"trawlers","NOR",1,2016
"1970",20377,2016-01-29,71,29,259282000,1.86,"trawlers","NOR",1,2016
"1971",20378,2016-01-29,71,22.8,257489500,3.72777777777778,"trawlers","NOR",1,2016
"1972",20379,2016-01-29,71,44.3,273212000,1.64777777777778,"trawlers","RUS",1,2016
"1973",20380,2016-01-29,71,22.3,273450850,2.07680555555556,"trawlers","RUS",1,2016
"1974",20381,2016-01-29,71,22.4,273450850,2.73708333333333,"trawlers","RUS",1,2016
"1975",20382,2016-01-29,71,22.5,273450850,5.99944444444445,"trawlers","RUS",1,2016
"1976",20383,2016-01-29,71,22.6,273450850,0.856527777777778,"trawlers","RUS",1,2016
"1977",20384,2016-01-29,71,28.2,257126500,2.51708333333333,"fixed_gear","NOR",1,2016
"1978",20385,2016-01-29,71,45,273331070,1.61263888888889,"trawlers","RUS",1,2016
"1979",20386,2016-01-29,71,44.9,273331070,2.47819444444444,"trawlers","RUS",1,2016
"1980",20387,2016-01-29,71,44.8,273331070,4.08055555555555,"trawlers","RUS",1,2016
"1981",20388,2016-01-29,71,29.4,257317000,0.139444444444444,"trawlers","NOR",1,2016
"1982",20389,2016-01-29,71,29.3,257317000,1.84861111111111,"trawlers","NOR",1,2016
"1983",20390,2016-01-29,71,29.2,257317000,0.440694444444444,"trawlers","NOR",1,2016
"1984",20391,2016-01-29,71,24.3,257777800,1.58194444444444,"fixed_gear","NOR",1,2016
"1985",20392,2016-01-29,71,24.4,257777800,1.60222222222222,"fixed_gear","NOR",1,2016
"1986",20393,2016-01-29,71,32.1,259258000,1.61708333333333,"fixed_gear","NOR",1,2016
"1987",20394,2016-01-29,71,30.8,257101740,3.25111111111111,"fixed_gear","NOR",1,2016
"1988",20395,2016-01-29,71,30.9,257101740,4.95166666666667,"fixed_gear","NOR",1,2016
"1989",20396,2016-01-29,71,30.7,257101740,5.74986111111111,"fixed_gear","NOR",1,2016
"1990",20397,2016-01-29,71,22.5,273448120,3.9575,"trawlers","RUS",1,2016
"1991",20398,2016-01-29,71,22.4,273448120,2.09375,"trawlers","RUS",1,2016
"1992",20399,2016-01-29,71,22.3,273448120,2.35666666666667,"trawlers","RUS",1,2016
"1993",20400,2016-01-29,71,22.5,273212100,2.31763888888889,"trawlers","RUS",1,2016
"1994",20401,2016-01-29,71,22.6,273212100,0.731944444444444,"trawlers","RUS",1,2016
"1995",20402,2016-01-29,71,22.3,273212100,0.397222222222222,"trawlers","RUS",1,2016
"1996",20403,2016-01-29,71,22.4,273212100,2.00722222222222,"trawlers","RUS",1,2016
"1997",20404,2016-01-29,71,22.7,273212100,0.688611111111111,"trawlers","RUS",1,2016
"1998",20405,2016-01-29,71,24.7,257309640,2.96027777777778,"fixed_gear","NOR",1,2016
"1999",20406,2016-01-29,71,23.1,257463500,1.62069444444444,"trawlers","NOR",1,2016
"2000",20407,2016-01-29,71,23.3,257463500,2.57666666666667,"trawlers","NOR",1,2016
"2001",20408,2016-01-29,71,23.2,257463500,0.80375,"trawlers","NOR",1,2016
"2002",20409,2016-01-29,71,23.2,259180000,2.39208333333333,"purse_seines","NOR",1,2016
"2003",20410,2016-01-29,71,23.3,259180000,1.61611111111111,"purse_seines","NOR",1,2016
"2004",20411,2016-01-29,71,31.1,257101030,3.32111111111111,"fixed_gear","NOR",1,2016
"2005",20412,2016-01-29,71,31,257101030,2.44527777777778,"fixed_gear","NOR",1,2016
"2006",20413,2016-01-29,71,31.2,257101030,2.43055555555556,"fixed_gear","NOR",1,2016
"2007",20414,2016-01-29,71,22.5,273217010,1.12291666666667,"trawlers","RUS",1,2016
"2008",20415,2016-01-29,71,22.4,273217010,2.87555555555556,"trawlers","RUS",1,2016
"2009",20416,2016-01-29,71,22.3,273217010,0.659861111111111,"trawlers","RUS",1,2016
"2010",20417,2016-01-29,71,22.7,273217010,1.34291666666667,"trawlers","RUS",1,2016
"2011",20418,2016-01-29,71,23.4,257963000,2.87194444444444,"trawlers","NOR",1,2016
"2012",20419,2016-01-29,71,23.2,257963000,1.93513888888889,"trawlers","NOR",1,2016
"2013",20420,2016-01-29,71,23.5,257963000,0.541805555555556,"trawlers","NOR",1,2016
"2014",20421,2016-01-29,71,23.3,257963000,4.11513888888889,"trawlers","NOR",1,2016
"2015",20422,2016-01-29,71,28.2,257320700,1.16347222222222,"fixed_gear","NOR",1,2016
"2016",20454,2016-01-29,45.5,-49.1,316014090,2.65722222222222,"trawlers","CAN",1,2016
"2017",20455,2016-01-29,45.5,13.3,247051080,0.266111111111111,"trawlers","ITA",1,2016
"2018",20456,2016-01-29,45.5,13.4,247051080,3.19430555555556,"trawlers","ITA",1,2016
"2019",20457,2016-01-29,45.5,13.5,247051080,0.784583333333333,"trawlers","ITA",1,2016
"2020",20458,2016-01-29,45.5,13.1,247030160,1.06138888888889,"trawlers","ITA",1,2016
"2021",20459,2016-01-29,45.5,-1.3,228301000,0.262777777777778,"fixed_gear","FRA",1,2016
"2022",20460,2016-01-29,45.5,-1.3,227636430,0.275,"fixed_gear","FRA",1,2016
"2023",20461,2016-01-29,45.5,-1.2,227636430,0.537361111111111,"fixed_gear","FRA",1,2016
"2024",20462,2016-01-29,45.5,-1.5,228107000,0.25125,"trawlers","FRA",1,2016
"2025",20463,2016-01-29,71.1,29.1,331072000,0.530277777777778,"trawlers","GRL",1,2016
"2026",20464,2016-01-29,71.1,29,331072000,0.514027777777778,"trawlers","GRL",1,2016
"2027",20465,2016-01-29,71.1,29.3,331072000,1.11625,"trawlers","GRL",1,2016
"2028",20466,2016-01-29,71.1,29.2,331072000,0.775138888888889,"trawlers","GRL",1,2016
"2029",20467,2016-01-29,71.1,29,258186000,0.703055555555556,"trawlers","NOR",1,2016
"2030",20468,2016-01-29,71.1,28.9,258186000,0.527083333333333,"trawlers","NOR",1,2016
"2031",20469,2016-01-29,71.1,29.1,258186000,1.55013888888889,"trawlers","NOR",1,2016
"2032",20470,2016-01-29,71.1,28.8,258186000,0.264722222222222,"trawlers","NOR",1,2016
"2033",20471,2016-01-29,71.1,27.9,257067040,0.630277777777778,"fixed_gear","NOR",1,2016
"2034",20472,2016-01-29,71.1,27.7,257067040,8.43402777777778,"fixed_gear","NOR",1,2016
"2035",20473,2016-01-29,71.1,27.8,257067040,7.45375,"fixed_gear","NOR",1,2016
"2036",20474,2016-01-29,71.1,30.6,257617700,3.77833333333333,"fixed_gear","NOR",1,2016
"2037",20475,2016-01-29,71.1,23,273352230,0.234166666666667,"trawlers","RUS",1,2016
"2038",20476,2016-01-29,71.1,22.6,273352230,1.11458333333333,"trawlers","RUS",1,2016
"2039",20477,2016-01-29,71.1,23.1,273352230,0.37125,"trawlers","RUS",1,2016
"2040",20478,2016-01-29,71.1,22.4,273352230,0.259861111111111,"trawlers","RUS",1,2016
"2041",20479,2016-01-29,71.1,22.7,273352230,1.40916666666667,"trawlers","RUS",1,2016
"2042",20480,2016-01-29,71.1,22.8,273352230,1.39555555555556,"trawlers","RUS",1,2016
"2043",20481,2016-01-29,71.1,22.9,273352230,1.21583333333333,"trawlers","RUS",1,2016
"2044",20482,2016-01-29,71.1,25.1,257922600,5.73041666666667,"purse_seines","NOR",1,2016
"2045",20483,2016-01-29,71.1,25.2,257922600,5.72972222222222,"purse_seines","NOR",1,2016
"2046",20484,2016-01-29,71.1,28.9,258185000,1.04555555555556,"trawlers","NOR",1,2016
"2047",20485,2016-01-29,71.1,28.5,258185000,1.04138888888889,"trawlers","NOR",1,2016
"2048",20486,2016-01-29,71.1,28.7,258185000,1.11666666666667,"trawlers","NOR",1,2016
"2049",20487,2016-01-29,71.1,28.6,258185000,1.25194444444444,"trawlers","NOR",1,2016
"2050",20488,2016-01-29,71.1,28.8,258185000,1.29361111111111,"trawlers","NOR",1,2016
"2051",20489,2016-01-29,71.1,28.4,258185000,0.545277777777778,"trawlers","NOR",1,2016
"2052",20490,2016-01-29,71.1,22.7,273311280,0.812083333333333,"trawlers","RUS",1,2016
"2053",20491,2016-01-29,71.1,22.4,273311280,1.24152777777778,"trawlers","RUS",1,2016
"2054",20492,2016-01-29,71.1,22.5,273311280,1.41847222222222,"trawlers","RUS",1,2016
"2055",20493,2016-01-29,71.1,22.8,273311280,0.265555555555556,"trawlers","RUS",1,2016
"2056",20494,2016-01-29,71.1,27.6,257655600,6.95277777777778,"fixed_gear","NOR",1,2016
"2057",20495,2016-01-29,71.1,27.7,257655600,1.82722222222222,"fixed_gear","NOR",1,2016
"2058",20496,2016-01-29,71.1,27.5,257655600,5.40097222222222,"fixed_gear","NOR",1,2016
"2059",20497,2016-01-29,71.1,21.1,273555000,6.12166666666667,"trawlers","RUS",1,2016
"2060",20498,2016-01-29,71.1,21.6,273555000,15.4681944444444,"trawlers","RUS",1,2016
"2061",20499,2016-01-29,71.1,21.7,273555000,0.603333333333333,"trawlers","RUS",1,2016
"2062",20500,2016-01-29,71.1,28.6,258067000,0.923472222222222,"trawlers","NOR",1,2016
"2063",20501,2016-01-29,71.1,28.7,258067000,2.10513888888889,"trawlers","NOR",1,2016
"2064",20502,2016-01-29,71.1,28.5,258067000,0.400138888888889,"trawlers","NOR",1,2016
"2065",20503,2016-01-29,71.1,29,258067000,2.27791666666667,"trawlers","NOR",1,2016
"2066",20504,2016-01-29,71.1,28.8,258067000,1.90722222222222,"trawlers","NOR",1,2016
"2067",20505,2016-01-29,71.1,28.9,258067000,1.93875,"trawlers","NOR",1,2016
"2068",20506,2016-01-29,71.1,29.1,258067000,1.39888888888889,"trawlers","NOR",1,2016
"2069",20507,2016-01-29,71.1,29.5,273380430,0.269444444444444,"trawlers","RUS",1,2016
"2070",20508,2016-01-29,71.1,29.6,273380430,2.09958333333333,"trawlers","RUS",1,2016
"2071",20509,2016-01-29,71.1,29.7,273380430,5.83944444444444,"trawlers","RUS",1,2016
"2072",20510,2016-01-29,71.1,29.9,273380430,0.25875,"trawlers","RUS",1,2016
"2073",20511,2016-01-29,71.1,29.8,273380430,3.75263888888889,"trawlers","RUS",1,2016
"2074",20512,2016-01-29,71.1,28.9,259282000,4.50583333333333,"trawlers","NOR",1,2016
"2075",20513,2016-01-29,71.1,28.7,259282000,1.95166666666667,"trawlers","NOR",1,2016
"2076",20514,2016-01-29,71.1,28.6,259282000,0.936388888888889,"trawlers","NOR",1,2016
"2077",20515,2016-01-29,71.1,28.8,259282000,3.84,"trawlers","NOR",1,2016
"2078",20516,2016-01-29,71.1,29,259282000,1.51138888888889,"trawlers","NOR",1,2016
"2079",20517,2016-01-29,71.1,16.9,273316960,3.28763888888889,"trawlers","RUS",1,2016
"2080",20518,2016-01-29,71.1,23.7,258524000,7.59013888888889,"fixed_gear","NOR",1,2016
"2081",20519,2016-01-29,71.1,23.6,258524000,0.816944444444444,"fixed_gear","NOR",1,2016
"2082",20520,2016-01-29,71.1,44.3,273212000,7.35055555555556,"trawlers","RUS",1,2016
"2083",20521,2016-01-29,71.1,44.2,273212000,1.62208333333333,"trawlers","RUS",1,2016
"2084",20522,2016-01-29,71.1,22.7,273450850,0.877083333333333,"trawlers","RUS",1,2016
"2085",20523,2016-01-29,71.1,22.6,273450850,1.59944444444444,"trawlers","RUS",1,2016
"2086",20524,2016-01-29,71.1,22.9,273450850,1.43236111111111,"trawlers","RUS",1,2016
"2087",20525,2016-01-29,71.1,22.8,273450850,2.11986111111111,"trawlers","RUS",1,2016
"2088",20526,2016-01-29,71.1,25.1,259590000,2.90694444444444,"trawlers","NOR",1,2016
"2089",20527,2016-01-29,71.1,25.2,259590000,3.49347222222222,"trawlers","NOR",1,2016
"2090",20528,2016-01-29,71.1,22.9,259707000,2.88527777777778,"trawlers","NOR",1,2016
"2091",20529,2016-01-29,71.1,22.5,259707000,3.38958333333333,"trawlers","NOR",1,2016
"2092",20530,2016-01-29,71.1,22.8,259707000,5.19958333333333,"trawlers","NOR",1,2016
"2093",20531,2016-01-29,71.1,22.7,259707000,6.17708333333333,"trawlers","NOR",1,2016
"2094",20532,2016-01-29,71.1,22.6,259707000,6.3425,"trawlers","NOR",1,2016
"2095",20533,2016-01-29,71.1,44.7,273331070,1.59541666666667,"trawlers","RUS",1,2016
"2096",20534,2016-01-29,71.1,44.4,273331070,4.94166666666667,"trawlers","RUS",1,2016
"2097",20535,2016-01-29,71.1,29.1,257317000,2.31388888888889,"trawlers","NOR",1,2016
"2098",20536,2016-01-29,71.1,28.9,257317000,0.609722222222222,"trawlers","NOR",1,2016
"2099",20537,2016-01-29,71.1,29,257317000,2.39777777777778,"trawlers","NOR",1,2016
"2100",20538,2016-01-29,71.1,29.2,257317000,1.47597222222222,"trawlers","NOR",1,2016
"2101",20539,2016-01-29,71.1,24.4,257777800,0.804861111111111,"fixed_gear","NOR",1,2016
"2102",20540,2016-01-29,71.1,29.1,231045000,0.338888888888889,"trawlers","FRO",1,2016
"2103",20541,2016-01-29,71.1,29.2,231045000,0.60125,"trawlers","FRO",1,2016
"2104",20542,2016-01-29,71.1,29.3,231045000,0.155694444444444,"trawlers","FRO",1,2016
"2105",20543,2016-01-29,71.1,23.2,273525900,0.779722222222222,"trawlers","RUS",1,2016
"2106",20544,2016-01-29,71.1,22.6,273525900,0.928888888888889,"trawlers","RUS",1,2016
"2107",20545,2016-01-29,71.1,22.8,273525900,4.68402777777778,"trawlers","RUS",1,2016
"2108",20546,2016-01-29,71.1,22.9,273525900,2.84805555555556,"trawlers","RUS",1,2016
"2109",20547,2016-01-29,71.1,22.5,273525900,0.880972222222222,"trawlers","RUS",1,2016
"2110",20548,2016-01-29,71.1,34.3,231066000,2.42875,"trawlers","FRO",1,2016
"2111",20549,2016-01-29,71.1,29.3,331119000,0.794444444444444,"trawlers","GRL",1,2016
"2112",20550,2016-01-29,71.1,29,331119000,0.191666666666667,"trawlers","GRL",1,2016
"2113",20551,2016-01-29,71.1,22.7,258563000,11.4634722222222,"trawlers","NOR",1,2016
"2114",20552,2016-01-29,71.1,22.9,258563000,9.84930555555555,"trawlers","NOR",1,2016
"2115",20553,2016-01-29,71.1,22.8,259683000,0.708611111111111,"trawlers","NOR",1,2016
"2116",20554,2016-01-29,71.1,23.1,259683000,1.11986111111111,"trawlers","NOR",1,2016
"2117",20555,2016-01-29,71.1,22.9,259683000,0.405694444444444,"trawlers","NOR",1,2016
"2118",20556,2016-01-29,71.1,23,259683000,1.98875,"trawlers","NOR",1,2016
"2119",20557,2016-01-29,71.1,22.5,259683000,1.01611111111111,"trawlers","NOR",1,2016
"2120",20558,2016-01-29,71.1,22.7,259683000,3.9475,"trawlers","NOR",1,2016
"2121",20559,2016-01-29,71.1,22.6,259683000,0.738333333333333,"trawlers","NOR",1,2016
"2122",20560,2016-01-29,71.1,22.9,273448120,1.32291666666667,"trawlers","RUS",1,2016
"2123",20561,2016-01-29,71.1,22.7,273448120,4.21111111111111,"trawlers","RUS",1,2016
"2124",20562,2016-01-29,71.1,22.8,273448120,5.26305555555555,"trawlers","RUS",1,2016
"2125",20563,2016-01-29,71.1,22.5,273448120,2.32305555555556,"trawlers","RUS",1,2016
"2126",20564,2016-01-29,71.1,22.6,273212100,0.62,"trawlers","RUS",1,2016
"2127",20565,2016-01-29,71.1,22.4,273212100,0.506666666666667,"trawlers","RUS",1,2016
"2128",20566,2016-01-29,71.1,22.8,273212100,0.290555555555556,"trawlers","RUS",1,2016
"2129",20567,2016-01-29,71.1,22.5,273212100,3.05861111111111,"trawlers","RUS",1,2016
"2130",20568,2016-01-29,71.1,22.7,273212100,1.21375,"trawlers","RUS",1,2016
"2131",20569,2016-01-29,71.1,27.3,257150920,5.64041666666667,"fixed_gear","NOR",1,2016
"2132",20570,2016-01-29,71.1,23.2,257463500,1.62944444444444,"trawlers","NOR",1,2016
"2133",20571,2016-01-29,71.1,23.2,258732000,1.21333333333333,"trawlers","NOR",1,2016
"2134",20572,2016-01-29,71.1,23.9,257105640,0.78125,"trawlers","NOR",1,2016
"2135",20573,2016-01-29,71.1,23.8,257105640,8.78847222222222,"trawlers","NOR",1,2016
"2136",20574,2016-01-29,71.1,25.2,259937000,3.56319444444444,"trawlers","NOR",1,2016
"2137",20575,2016-01-29,71.1,25,259937000,1.36777777777778,"trawlers","NOR",1,2016
"2138",20576,2016-01-29,71.1,25.1,259937000,8.55305555555556,"trawlers","NOR",1,2016
"2139",20577,2016-01-29,71.1,24.9,259937000,0.670138888888889,"trawlers","NOR",1,2016
"2140",20578,2016-01-29,71.1,23.1,273217010,0.485694444444444,"trawlers","RUS",1,2016
"2141",20579,2016-01-29,71.1,22.7,273217010,0.277777777777778,"trawlers","RUS",1,2016
"2142",20580,2016-01-29,71.1,22.6,273217010,0.580694444444444,"trawlers","RUS",1,2016
"2143",20581,2016-01-29,71.1,22.9,273217010,1.17361111111111,"trawlers","RUS",1,2016
"2144",20582,2016-01-29,71.1,22.8,273217010,1.69972222222222,"trawlers","RUS",1,2016
"2145",20618,2016-01-29,45.6,-49.2,316014090,1.68708333333333,"trawlers","CAN",1,2016
"2146",20619,2016-01-29,45.6,-49.1,316014090,1.82625,"trawlers","CAN",1,2016
"2147",20620,2016-01-29,45.6,13.5,247051040,1.61736111111111,"purse_seines","ITA",1,2016
"2148",20621,2016-01-29,45.6,13.6,247051040,9.715,"purse_seines","ITA",1,2016
"2149",20622,2016-01-29,45.6,13.5,247030840,4.05847222222222,"trawlers","ITA",1,2016
"2150",20623,2016-01-29,45.6,13.5,247051080,9.02458333333334,"trawlers","ITA",1,2016
"2151",20624,2016-01-29,45.6,13.6,247051080,2.65388888888889,"trawlers","ITA",1,2016
"2152",20625,2016-01-29,45.6,13.1,247030160,4.60555555555556,"trawlers","ITA",1,2016
"2153",20626,2016-01-29,45.6,13.2,247030160,3.76597222222222,"trawlers","ITA",1,2016
"2154",20627,2016-01-29,45.6,13.3,247030160,1.96416666666667,"trawlers","ITA",1,2016
"2155",20628,2016-01-29,45.6,13.5,247070650,4.32583333333333,"trawlers","ITA",1,2016
"2156",20629,2016-01-29,45.6,-1.8,227928000,0.357916666666667,"trawlers","FRA",1,2016
"2157",20630,2016-01-29,45.6,-1.7,227928000,0.527916666666667,"trawlers","FRA",1,2016
"2158",20631,2016-01-29,45.6,-1.1,228301000,1.48611111111111,"fixed_gear","FRA",1,2016
"2159",20632,2016-01-29,71.2,22.5,273351680,1.05097222222222,"trawlers","RUS",1,2016
"2160",20633,2016-01-29,71.2,22.4,273351680,0.272638888888889,"trawlers","RUS",1,2016
"2161",20634,2016-01-29,71.2,28.5,331072000,1.315,"trawlers","GRL",1,2016
"2162",20635,2016-01-29,71.2,29.1,331072000,1.57805555555556,"trawlers","GRL",1,2016
"2163",20636,2016-01-29,71.2,28.8,331072000,2.07638888888889,"trawlers","GRL",1,2016
"2164",20637,2016-01-29,71.2,28.9,331072000,3.36722222222222,"trawlers","GRL",1,2016
"2165",20638,2016-01-29,71.2,29,331072000,1.92361111111111,"trawlers","GRL",1,2016
"2166",20639,2016-01-29,71.2,28.3,331072000,0.255,"trawlers","GRL",1,2016
"2167",20640,2016-01-29,71.2,29.2,331072000,0.257916666666667,"trawlers","GRL",1,2016
"2168",20641,2016-01-29,71.2,28.6,331072000,1.80597222222222,"trawlers","GRL",1,2016
"2169",20642,2016-01-29,71.2,28.7,331072000,2.06944444444444,"trawlers","GRL",1,2016
"2170",20643,2016-01-29,71.2,28.4,331072000,0.783194444444445,"trawlers","GRL",1,2016
"2171",20644,2016-01-29,71.2,29.1,258186000,0.637083333333333,"trawlers","NOR",1,2016
"2172",20645,2016-01-29,71.2,29,258186000,1.12902777777778,"trawlers","NOR",1,2016
"2173",20646,2016-01-29,71.2,28.9,258186000,2.29625,"trawlers","NOR",1,2016
"2174",20647,2016-01-29,71.2,28.7,258186000,3.29944444444444,"trawlers","NOR",1,2016
"2175",20648,2016-01-29,71.2,28.6,258186000,0.281111111111111,"trawlers","NOR",1,2016
"2176",20649,2016-01-29,71.2,28.8,258186000,6.29847222222222,"trawlers","NOR",1,2016
"2177",20650,2016-01-29,71.2,35.6,273457950,8.145,"trawlers","RUS",1,2016
"2178",20651,2016-01-29,71.2,35.1,273457950,2.47125,"trawlers","RUS",1,2016
"2179",20652,2016-01-29,71.2,31,257617700,3.24958333333333,"fixed_gear","NOR",1,2016
"2180",20653,2016-01-29,71.2,30.9,257617700,6.59027777777778,"fixed_gear","NOR",1,2016
"2181",20654,2016-01-29,71.2,23.6,273352230,0.282222222222222,"trawlers","RUS",1,2016
"2182",20655,2016-01-29,71.2,23.7,273352230,0.422222222222222,"trawlers","RUS",1,2016
"2183",20656,2016-01-29,71.2,22.6,273352230,0.292222222222222,"trawlers","RUS",1,2016
"2184",20657,2016-01-29,71.2,22.5,273352230,0.555694444444444,"trawlers","RUS",1,2016
"2185",20658,2016-01-29,71.2,22.7,273352230,0.712916666666667,"trawlers","RUS",1,2016
"2186",20659,2016-01-29,71.2,23.3,273352230,0.488611111111111,"trawlers","RUS",1,2016
"2187",20660,2016-01-29,71.2,23.5,273352230,0.316805555555556,"trawlers","RUS",1,2016
"2188",20661,2016-01-29,71.2,25.2,257922600,3.29236111111111,"purse_seines","NOR",1,2016
"2189",20662,2016-01-29,71.2,25.1,257922600,4.12527777777778,"purse_seines","NOR",1,2016
"2190",20663,2016-01-29,71.2,28.4,258185000,0.242638888888889,"trawlers","NOR",1,2016
"2191",20664,2016-01-29,71.2,28.2,258185000,0.780277777777778,"trawlers","NOR",1,2016
"2192",20665,2016-01-29,71.2,28.3,258185000,0.820277777777778,"trawlers","NOR",1,2016
"2193",20666,2016-01-29,71.2,22.7,273311280,0.253194444444444,"trawlers","RUS",1,2016
"2194",20667,2016-01-29,71.2,22.6,273311280,0.385833333333333,"trawlers","RUS",1,2016
"2195",20668,2016-01-29,71.2,22.5,273311280,0.437361111111111,"trawlers","RUS",1,2016
"2196",20669,2016-01-29,71.2,21.9,273555000,0.541944444444444,"trawlers","RUS",1,2016
"2197",20670,2016-01-29,71.2,21.8,273555000,5.91347222222222,"trawlers","RUS",1,2016
"2198",20671,2016-01-29,71.2,28.6,258067000,0.526111111111111,"trawlers","NOR",1,2016
"2199",20672,2016-01-29,71.2,28.3,258067000,0.826666666666667,"trawlers","NOR",1,2016
"2200",20673,2016-01-29,71.2,28.5,258067000,1.65916666666667,"trawlers","NOR",1,2016
"2201",20674,2016-01-29,71.2,28.4,258067000,3.92861111111111,"trawlers","NOR",1,2016
"2202",20675,2016-01-29,71.2,28.4,259282000,1.05819444444444,"trawlers","NOR",1,2016
"2203",20676,2016-01-29,71.2,28.5,259282000,2.04208333333333,"trawlers","NOR",1,2016
"2204",20677,2016-01-29,71.2,28.7,259282000,2.24736111111111,"trawlers","NOR",1,2016
"2205",20678,2016-01-29,71.2,28.6,259282000,3.40777777777778,"trawlers","NOR",1,2016
"2206",20679,2016-01-29,71.2,28.8,259282000,0.421388888888889,"trawlers","NOR",1,2016
"2207",20680,2016-01-29,71.2,35.5,273317970,4.13444444444445,"trawlers","RUS",1,2016
"2208",20681,2016-01-29,71.2,16.8,273316960,1.63430555555556,"trawlers","RUS",1,2016
"2209",20682,2016-01-29,71.2,44.2,273212000,3.31527777777778,"trawlers","RUS",1,2016
"2210",20683,2016-01-29,71.2,44.3,273212000,7.40194444444444,"trawlers","RUS",1,2016
"2211",20684,2016-01-29,71.2,44.1,273212000,3.25944444444444,"trawlers","RUS",1,2016
"2212",20685,2016-01-29,71.2,25.1,259590000,3.22222222222222,"trawlers","NOR",1,2016
"2213",20686,2016-01-29,71.2,25,259590000,1.24375,"trawlers","NOR",1,2016
"2214",20687,2016-01-29,71.2,25.2,259590000,1.07208333333333,"trawlers","NOR",1,2016
"2215",20688,2016-01-29,71.2,34.9,273458300,5.73944444444444,"trawlers","RUS",1,2016
"2216",20689,2016-01-29,71.2,44.3,273331070,6.54236111111111,"trawlers","RUS",1,2016
"2217",20690,2016-01-29,71.2,23.6,273433220,2.47875,"trawlers","RUS",1,2016
"2218",20691,2016-01-29,71.2,23.3,273433220,1.62638888888889,"trawlers","RUS",1,2016
"2219",20692,2016-01-29,71.2,23.5,273433220,3.39402777777778,"trawlers","RUS",1,2016
"2220",20693,2016-01-29,71.2,29,257317000,1.63166666666667,"trawlers","NOR",1,2016
"2221",20694,2016-01-29,71.2,28.7,257317000,2.55819444444445,"trawlers","NOR",1,2016
"2222",20695,2016-01-29,71.2,29.2,257317000,0.809444444444445,"trawlers","NOR",1,2016
"2223",20696,2016-01-29,71.2,28.8,257317000,3.00319444444444,"trawlers","NOR",1,2016
"2224",20697,2016-01-29,71.2,28.9,257317000,2.82597222222222,"trawlers","NOR",1,2016
"2225",20698,2016-01-29,71.2,28.6,257317000,1.00708333333333,"trawlers","NOR",1,2016
"2226",20699,2016-01-29,71.2,29.1,257317000,1.13277777777778,"trawlers","NOR",1,2016
"2227",20700,2016-01-29,71.2,28.6,231045000,2.58069444444444,"trawlers","FRO",1,2016
"2228",20701,2016-01-29,71.2,28.8,231045000,3.04444444444444,"trawlers","FRO",1,2016
"2229",20702,2016-01-29,71.2,29.3,231045000,0.516944444444444,"trawlers","FRO",1,2016
"2230",20703,2016-01-29,71.2,28.5,231045000,1.16833333333333,"trawlers","FRO",1,2016
"2231",20704,2016-01-29,71.2,28.9,231045000,0.59125,"trawlers","FRO",1,2016
"2232",20705,2016-01-29,71.2,29,231045000,1.19055555555556,"trawlers","FRO",1,2016
"2233",20706,2016-01-29,71.2,29.2,231045000,2.42972222222222,"trawlers","FRO",1,2016
"2234",20707,2016-01-29,71.2,28.7,231045000,1.87458333333333,"trawlers","FRO",1,2016
"2235",20708,2016-01-29,71.2,29.5,231045000,0.465416666666667,"trawlers","FRO",1,2016
"2236",20709,2016-01-29,71.2,29.1,231045000,0.716944444444444,"trawlers","FRO",1,2016
"2237",20710,2016-01-29,71.2,22.5,273525900,0.87875,"trawlers","RUS",1,2016
"2238",20711,2016-01-29,71.2,22.7,273525900,0.955833333333333,"trawlers","RUS",1,2016
"2239",20712,2016-01-29,71.2,23.5,273525900,2.14375,"trawlers","RUS",1,2016
"2240",20713,2016-01-29,71.2,34.4,231066000,1.63208333333333,"trawlers","FRO",1,2016
"2241",20714,2016-01-29,71.2,28.7,331119000,2.18638888888889,"trawlers","GRL",1,2016
"2242",20715,2016-01-29,71.2,28.4,331119000,0.258333333333333,"trawlers","GRL",1,2016
"2243",20716,2016-01-29,71.2,29,331119000,2.63375,"trawlers","GRL",1,2016
"2244",20717,2016-01-29,71.2,29.1,331119000,1.21986111111111,"trawlers","GRL",1,2016
"2245",20718,2016-01-29,71.2,28.8,331119000,2.32875,"trawlers","GRL",1,2016
"2246",20719,2016-01-29,71.2,29.3,331119000,0.182222222222222,"trawlers","GRL",1,2016
"2247",20720,2016-01-29,71.2,28.5,331119000,1.35222222222222,"trawlers","GRL",1,2016
"2248",20721,2016-01-29,71.2,28.6,331119000,1.74069444444444,"trawlers","GRL",1,2016
"2249",20722,2016-01-29,71.2,29.2,331119000,1.3625,"trawlers","GRL",1,2016
"2250",20723,2016-01-29,71.2,28.9,331119000,2.06138888888889,"trawlers","GRL",1,2016
"2251",20724,2016-01-29,71.2,23.4,259683000,0.815694444444444,"trawlers","NOR",1,2016
"2252",20725,2016-01-29,71.2,23.3,259683000,2.60638888888889,"trawlers","NOR",1,2016
"2253",20726,2016-01-29,71.2,23.5,259683000,2.14347222222222,"trawlers","NOR",1,2016
"2254",20727,2016-01-29,71.2,23.2,259683000,1.47666666666667,"trawlers","NOR",1,2016
"2255",20728,2016-01-29,71.2,22.7,273448120,1.64666666666667,"trawlers","RUS",1,2016
"2256",20729,2016-01-29,71.2,22.6,273448120,1.09361111111111,"trawlers","RUS",1,2016
"2257",20730,2016-01-29,71.2,23.2,273212100,0.52375,"trawlers","RUS",1,2016
"2258",20731,2016-01-29,71.2,23.5,273212100,1.80986111111111,"trawlers","RUS",1,2016
"2259",20732,2016-01-29,71.2,23.3,273212100,0.797916666666667,"trawlers","RUS",1,2016
"2260",20733,2016-01-29,71.2,23.4,273212100,1.21791666666667,"trawlers","RUS",1,2016
"2261",20734,2016-01-29,71.2,23.6,273212100,1.47027777777778,"trawlers","RUS",1,2016
"2262",20735,2016-01-29,71.2,36.1,273440730,1.60569444444444,"trawlers","RUS",1,2016
"2263",20736,2016-01-29,71.2,36.3,273440730,3.24208333333333,"trawlers","RUS",1,2016
"2264",20737,2016-01-29,71.2,23.5,258732000,0.901388888888889,"trawlers","NOR",1,2016
"2265",20738,2016-01-29,71.2,23.4,258732000,0.873472222222222,"trawlers","NOR",1,2016
"2266",20739,2016-01-29,71.2,23.6,258732000,0.666666666666667,"trawlers","NOR",1,2016
"2267",20740,2016-01-29,71.2,23.3,258732000,0.719166666666667,"trawlers","NOR",1,2016
"2268",20741,2016-01-29,71.2,23.7,258732000,0.961666666666667,"trawlers","NOR",1,2016
"2269",20742,2016-01-29,71.2,25,259937000,0.994722222222222,"trawlers","NOR",1,2016
"2270",20743,2016-01-29,71.2,25.1,259937000,3.37361111111111,"trawlers","NOR",1,2016
"2271",20744,2016-01-29,71.2,25.2,259937000,0.540694444444444,"trawlers","NOR",1,2016
"2272",20745,2016-01-29,71.2,23.7,273217010,1.71861111111111,"trawlers","RUS",1,2016
"2273",20746,2016-01-29,71.2,23.6,273217010,1.45805555555556,"trawlers","RUS",1,2016
"2274",20747,2016-01-29,71.2,22.7,273217010,1.1975,"trawlers","RUS",1,2016
"2275",20748,2016-01-29,71.2,22.5,273217010,0.512916666666667,"trawlers","RUS",1,2016
"2276",20749,2016-01-29,71.2,23.5,273217010,0.986666666666667,"trawlers","RUS",1,2016
"2277",20750,2016-01-29,71.2,22.6,273217010,1.04472222222222,"trawlers","RUS",1,2016
"2278",20751,2016-01-29,71.2,23.3,273217010,1.31472222222222,"trawlers","RUS",1,2016
"2279",20785,2016-01-29,45.7,-1.4,227316550,7.55916666666667,"trawlers","FRA",1,2016
"2280",20786,2016-01-29,71.3,24.7,273351680,4.09180555555556,"trawlers","RUS",1,2016
"2281",20787,2016-01-29,71.3,28.1,331072000,1.13277777777778,"trawlers","GRL",1,2016
"2282",20788,2016-01-29,71.3,28,331072000,1.0075,"trawlers","GRL",1,2016
"2283",20789,2016-01-29,71.3,28.6,331072000,0.515,"trawlers","GRL",1,2016
"2284",20790,2016-01-29,71.3,28.5,331072000,1.02361111111111,"trawlers","GRL",1,2016
"2285",20791,2016-01-29,71.3,28.2,331072000,1.10166666666667,"trawlers","GRL",1,2016
"2286",20792,2016-01-29,71.3,28.3,331072000,0.254444444444444,"trawlers","GRL",1,2016
"2287",20793,2016-01-29,71.3,28.4,331072000,0.52125,"trawlers","GRL",1,2016
"2288",20794,2016-01-29,71.3,28.5,258186000,1.80430555555556,"trawlers","NOR",1,2016
"2289",20795,2016-01-29,71.3,28.7,258186000,0.263888888888889,"trawlers","NOR",1,2016
"2290",20796,2016-01-29,71.3,28.6,258186000,4.88013888888889,"trawlers","NOR",1,2016
"2291",20797,2016-01-29,71.3,26.4,258943000,5.52847222222222,"trawlers","NOR",1,2016
"2292",20798,2016-01-29,71.3,26.8,258943000,2.74569444444444,"trawlers","NOR",1,2016
"2293",20799,2016-01-29,71.3,26.5,258943000,3.32777777777778,"trawlers","NOR",1,2016
"2294",20800,2016-01-29,71.3,26.6,258943000,1.64597222222222,"trawlers","NOR",1,2016
"2295",20801,2016-01-29,71.3,26.7,258943000,2.48638888888889,"trawlers","NOR",1,2016
"2296",20802,2016-01-29,71.3,26.9,258943000,2.34569444444444,"trawlers","NOR",1,2016
"2297",20803,2016-01-29,71.3,26.3,258943000,4.12347222222222,"trawlers","NOR",1,2016
"2298",20804,2016-01-29,71.3,25.2,231124000,3.30277777777778,"trawlers","FRO",1,2016
"2299",20805,2016-01-29,71.3,25.3,231124000,4.92208333333333,"trawlers","FRO",1,2016
"2300",20806,2016-01-29,71.3,31.1,257617700,4.105,"fixed_gear","NOR",1,2016
"2301",20807,2016-01-29,71.3,24.4,273352230,1.11027777777778,"trawlers","RUS",1,2016
"2302",20808,2016-01-29,71.3,24.2,273352230,0.277916666666667,"trawlers","RUS",1,2016
"2303",20809,2016-01-29,71.3,24,273352230,0.449305555555556,"trawlers","RUS",1,2016
"2304",20810,2016-01-29,71.3,24.8,273352230,2.44333333333333,"trawlers","RUS",1,2016
"2305",20811,2016-01-29,71.3,25,273352230,1.48777777777778,"trawlers","RUS",1,2016
"2306",20812,2016-01-29,71.3,24.9,273352230,7.11319444444444,"trawlers","RUS",1,2016
"2307",20813,2016-01-29,71.3,24.7,273352230,1.41194444444444,"trawlers","RUS",1,2016
"2308",20814,2016-01-29,71.3,24.1,273352230,0.293333333333333,"trawlers","RUS",1,2016
"2309",20815,2016-01-29,71.3,24.6,273352230,0.805138888888889,"trawlers","RUS",1,2016
"2310",20816,2016-01-29,71.3,29.9,259241000,0.788888888888889,"fixed_gear","NOR",1,2016
"2311",20817,2016-01-29,71.3,29.8,259241000,2.53722222222222,"fixed_gear","NOR",1,2016
"2312",20818,2016-01-29,71.3,24.5,273354540,1.48305555555556,"trawlers","RUS",1,2016
"2313",20819,2016-01-29,71.3,24.3,273354540,1.10444444444444,"trawlers","RUS",1,2016
"2314",20820,2016-01-29,71.3,24.9,273354540,2.87694444444444,"trawlers","RUS",1,2016
"2315",20821,2016-01-29,71.3,25,273354540,1.64541666666667,"trawlers","RUS",1,2016
"2316",20822,2016-01-29,71.3,24.4,273354540,1.61694444444444,"trawlers","RUS",1,2016
"2317",20823,2016-01-29,71.3,25.2,273354540,1.40833333333333,"trawlers","RUS",1,2016
"2318",20824,2016-01-29,71.3,24.1,273311280,1.28930555555556,"trawlers","RUS",1,2016
"2319",20825,2016-01-29,71.3,24.4,273311280,0.363055555555556,"trawlers","RUS",1,2016
"2320",20826,2016-01-29,71.3,24.3,273311280,2.08166666666667,"trawlers","RUS",1,2016
"2321",20827,2016-01-29,71.3,25.3,273311280,2.55791666666667,"trawlers","RUS",1,2016
"2322",20828,2016-01-29,71.3,24.2,273311280,0.346666666666667,"trawlers","RUS",1,2016
"2323",20829,2016-01-29,71.3,25.1,273311280,1.19652777777778,"trawlers","RUS",1,2016
"2324",20830,2016-01-29,71.3,24.6,273311280,2.40708333333333,"trawlers","RUS",1,2016
"2325",20831,2016-01-29,71.3,25.6,251123000,1.06180555555556,"trawlers","ISL",1,2016
"2326",20832,2016-01-29,71.3,25.4,251123000,0.703194444444444,"trawlers","ISL",1,2016
"2327",20833,2016-01-29,71.3,25.5,251123000,0.783194444444445,"trawlers","ISL",1,2016
"2328",20834,2016-01-29,71.3,35.4,273317970,8.16541666666667,"trawlers","RUS",1,2016
"2329",20835,2016-01-29,71.3,35.1,273317970,2.44986111111111,"trawlers","RUS",1,2016
"2330",20836,2016-01-29,71.3,35.3,273317970,1.6275,"trawlers","RUS",1,2016
"2331",20837,2016-01-29,71.3,34.9,273317970,5.72527777777778,"trawlers","RUS",1,2016
"2332",20838,2016-01-29,71.3,26.5,231751000,3.30611111111111,"trawlers","FRO",1,2016
"2333",20839,2016-01-29,71.3,26.2,231751000,1.63888888888889,"trawlers","FRO",1,2016
"2334",20840,2016-01-29,71.3,25.3,231751000,1.63722222222222,"trawlers","FRO",1,2016
"2335",20841,2016-01-29,71.3,16.7,258535000,4.94472222222222,"trawlers","NOR",1,2016
"2336",20842,2016-01-29,71.3,16.7,273316960,1.58666666666667,"trawlers","RUS",1,2016
"2337",20843,2016-01-29,71.3,35.1,273458300,8.23402777777778,"trawlers","RUS",1,2016
"2338",20844,2016-01-29,71.3,44.3,273331070,1.62694444444444,"trawlers","RUS",1,2016
"2339",20845,2016-01-29,71.3,24,273433220,3.47569444444444,"trawlers","RUS",1,2016
"2340",20846,2016-01-29,71.3,23.8,273433220,1.48152777777778,"trawlers","RUS",1,2016
"2341",20847,2016-01-29,71.3,23.9,273433220,2.58555555555556,"trawlers","RUS",1,2016
"2342",20848,2016-01-29,71.3,23.7,273433220,3.87944444444445,"trawlers","RUS",1,2016
"2343",20849,2016-01-29,71.3,28.5,257317000,0.79375,"trawlers","NOR",1,2016
"2344",20850,2016-01-29,71.3,28.6,257317000,1.01222222222222,"trawlers","NOR",1,2016
"2345",20851,2016-01-29,71.3,28.2,231045000,0.952777777777778,"trawlers","FRO",1,2016
"2346",20852,2016-01-29,71.3,28.3,231045000,1.56,"trawlers","FRO",1,2016
"2347",20853,2016-01-29,71.3,28.4,231045000,1.94763888888889,"trawlers","FRO",1,2016
"2348",20854,2016-01-29,71.3,28.5,231045000,1.81138888888889,"trawlers","FRO",1,2016
"2349",20855,2016-01-29,71.3,28.1,231045000,0.533194444444445,"trawlers","FRO",1,2016
"2350",20856,2016-01-29,71.3,28,231045000,0.266666666666667,"trawlers","FRO",1,2016
"2351",20857,2016-01-29,71.3,24.4,273525900,4.08347222222222,"trawlers","RUS",1,2016
"2352",20858,2016-01-29,71.3,24.7,273525900,1.64430555555556,"trawlers","RUS",1,2016
"2353",20859,2016-01-29,71.3,25,273525900,3.26013888888889,"trawlers","RUS",1,2016
"2354",20860,2016-01-29,71.3,34.4,231066000,1.59625,"trawlers","FRO",1,2016
"2355",20861,2016-01-29,71.3,34.9,231066000,2.52083333333333,"trawlers","FRO",1,2016
"2356",20862,2016-01-29,71.3,34.5,231066000,4.92305555555556,"trawlers","FRO",1,2016
"2357",20863,2016-01-29,71.3,34.8,231066000,1.62208333333333,"trawlers","FRO",1,2016
"2358",20864,2016-01-29,71.3,34.6,231066000,3.29625,"trawlers","FRO",1,2016
"2359",20865,2016-01-29,71.3,35.1,231066000,1.61666666666667,"trawlers","FRO",1,2016
"2360",20866,2016-01-29,71.3,28.6,331119000,0.26125,"trawlers","GRL",1,2016
"2361",20867,2016-01-29,71.3,28.2,331119000,0.540694444444444,"trawlers","GRL",1,2016
"2362",20868,2016-01-29,71.3,28.3,331119000,0.502222222222222,"trawlers","GRL",1,2016
"2363",20869,2016-01-29,71.3,28.4,331119000,1.40263888888889,"trawlers","GRL",1,2016
"2364",20870,2016-01-29,71.3,27.8,331119000,1.48125,"trawlers","GRL",1,2016
"2365",20871,2016-01-29,71.3,27.9,331119000,0.5175,"trawlers","GRL",1,2016
"2366",20872,2016-01-29,71.3,28.5,331119000,0.548611111111111,"trawlers","GRL",1,2016
"2367",20873,2016-01-29,71.3,27.7,331119000,1.37486111111111,"trawlers","GRL",1,2016
"2368",20874,2016-01-29,71.3,28,331119000,0.518888888888889,"trawlers","GRL",1,2016
"2369",20875,2016-01-29,71.3,28.1,331119000,0.597638888888889,"trawlers","GRL",1,2016
"2370",20876,2016-01-29,71.3,16.8,273891000,1.62486111111111,"trawlers","RUS",1,2016
"2371",20877,2016-01-29,71.3,16.7,273891000,3.28166666666667,"trawlers","RUS",1,2016
"2372",20878,2016-01-29,71.3,23.6,259683000,2.64638888888889,"trawlers","NOR",1,2016
"2373",20879,2016-01-29,71.3,23.9,259683000,3.21277777777778,"trawlers","NOR",1,2016
"2374",20880,2016-01-29,71.3,24,259683000,1.28833333333333,"trawlers","NOR",1,2016
"2375",20881,2016-01-29,71.3,23.7,273212100,1.57958333333333,"trawlers","RUS",1,2016
"2376",20882,2016-01-29,71.3,23.9,273212100,0.729583333333333,"trawlers","RUS",1,2016
"2377",20883,2016-01-29,71.3,23.8,273212100,2.37902777777778,"trawlers","RUS",1,2016
"2378",20884,2016-01-29,71.3,23.6,273212100,0.561944444444444,"trawlers","RUS",1,2016
"2379",20885,2016-01-29,71.3,30.2,257133000,2.58472222222222,"fixed_gear","NOR",1,2016
"2380",20886,2016-01-29,71.3,30.1,257133000,2.59041666666667,"fixed_gear","NOR",1,2016
"2381",20887,2016-01-29,71.3,30.3,257133000,0.919305555555555,"fixed_gear","NOR",1,2016
"2382",20888,2016-01-29,71.3,25,273521100,5.76708333333333,"trawlers","RUS",1,2016
"2383",20889,2016-01-29,71.3,25.1,273521100,1.63791666666667,"trawlers","RUS",1,2016
"2384",20890,2016-01-29,71.3,25.2,273521100,1.58402777777778,"trawlers","RUS",1,2016
"2385",20891,2016-01-29,71.3,24.2,273424080,2.39305555555556,"trawlers","RUS",1,2016
"2386",20892,2016-01-29,71.3,24.1,273424080,0.467222222222222,"trawlers","RUS",1,2016
"2387",20893,2016-01-29,71.3,24.6,273424080,2.43458333333333,"trawlers","RUS",1,2016
"2388",20894,2016-01-29,71.3,24.9,273424080,0.860416666666667,"trawlers","RUS",1,2016
"2389",20895,2016-01-29,71.3,25,273424080,4.98833333333334,"trawlers","RUS",1,2016
"2390",20896,2016-01-29,71.3,24.2,258732000,0.221944444444444,"trawlers","NOR",1,2016
"2391",20897,2016-01-29,71.3,24.1,258732000,0.605833333333333,"trawlers","NOR",1,2016
"2392",20898,2016-01-29,71.3,23.8,258732000,0.395972222222222,"trawlers","NOR",1,2016
"2393",20899,2016-01-29,71.3,24,258732000,0.547361111111111,"trawlers","NOR",1,2016
"2394",20900,2016-01-29,71.3,23.9,258732000,0.470694444444444,"trawlers","NOR",1,2016
"2395",20901,2016-01-29,71.3,23.8,273217010,0.75625,"trawlers","RUS",1,2016
"2396",20902,2016-01-29,71.3,23.9,273217010,1.73736111111111,"trawlers","RUS",1,2016
"2397",20903,2016-01-29,71.3,26.5,259691000,4.11027777777778,"trawlers","NOR",1,2016
"2398",20928,2016-01-29,45.8,-1.4,227814000,1.00625,"trawlers","FRA",1,2016
"2399",20929,2016-01-29,45.8,-1.6,228207000,3.98208333333333,"fixed_gear","FRA",1,2016
"2400",20930,2016-01-29,45.8,-1.4,228207000,1.30291666666667,"fixed_gear","FRA",1,2016
"2401",20931,2016-01-29,45.8,-1.5,228207000,0.566666666666667,"fixed_gear","FRA",1,2016
"2402",20932,2016-01-29,71.4,16.6,273355780,0.840972222222222,"trawlers","RUS",1,2016
"2403",20933,2016-01-29,71.4,26.1,258943000,1.62541666666667,"trawlers","NOR",1,2016
"2404",20934,2016-01-29,71.4,26.4,231124000,1.60583333333333,"trawlers","FRO",1,2016
"2405",20935,2016-01-29,71.4,26.1,231124000,2.43944444444444,"trawlers","FRO",1,2016
"2406",20936,2016-01-29,71.4,25.9,231124000,0.805277777777778,"trawlers","FRO",1,2016
"2407",20937,2016-01-29,71.4,25.8,231124000,2.485,"trawlers","FRO",1,2016
"2408",20938,2016-01-29,71.4,26.2,231124000,1.64708333333333,"trawlers","FRO",1,2016
"2409",20939,2016-01-29,71.4,25.5,231124000,3.26555555555556,"trawlers","FRO",1,2016
"2410",20940,2016-01-29,71.4,25.2,231124000,3.27611111111111,"trawlers","FRO",1,2016
"2411",20941,2016-01-29,71.4,29.7,259241000,4.91638888888889,"fixed_gear","NOR",1,2016
"2412",20942,2016-01-29,71.4,29.8,259241000,4.92236111111111,"fixed_gear","NOR",1,2016
"2413",20943,2016-01-29,71.4,25.1,273354540,1.62861111111111,"trawlers","RUS",1,2016
"2414",20944,2016-01-29,71.4,25.2,273354540,1.34430555555556,"trawlers","RUS",1,2016
"2415",20945,2016-01-29,71.4,25.8,251123000,1.16097222222222,"trawlers","ISL",1,2016
"2416",20946,2016-01-29,71.4,25.5,251123000,0.429583333333333,"trawlers","ISL",1,2016
"2417",20947,2016-01-29,71.4,25.2,251123000,2.54069444444444,"trawlers","ISL",1,2016
"2418",20948,2016-01-29,71.4,25.7,251123000,1.58180555555556,"trawlers","ISL",1,2016
"2419",20949,2016-01-29,71.4,26.1,251123000,1.61402777777778,"trawlers","ISL",1,2016
"2420",20950,2016-01-29,71.4,25.4,251123000,0.59125,"trawlers","ISL",1,2016
"2421",20951,2016-01-29,71.4,25.9,251123000,1.29777777777778,"trawlers","ISL",1,2016
"2422",20952,2016-01-29,71.4,25.6,251123000,2.98666666666667,"trawlers","ISL",1,2016
"2423",20953,2016-01-29,71.4,26.2,251123000,4.93722222222222,"trawlers","ISL",1,2016
"2424",20954,2016-01-29,71.4,25.3,251123000,4.85486111111111,"trawlers","ISL",1,2016
"2425",20955,2016-01-29,71.4,35.2,273317970,2.43611111111111,"trawlers","RUS",1,2016
"2426",20956,2016-01-29,71.4,25.8,231751000,1.61680555555556,"trawlers","FRO",1,2016
"2427",20957,2016-01-29,71.4,25.7,231751000,2.47819444444444,"trawlers","FRO",1,2016
"2428",20958,2016-01-29,71.4,26.4,231751000,6.59055555555556,"trawlers","FRO",1,2016
"2429",20959,2016-01-29,71.4,25.1,231751000,2.49111111111111,"trawlers","FRO",1,2016
"2430",20960,2016-01-29,71.4,25.5,231751000,1.62097222222222,"trawlers","FRO",1,2016
"2431",20961,2016-01-29,71.4,26.1,231751000,3.25611111111111,"trawlers","FRO",1,2016
"2432",20962,2016-01-29,71.4,16.6,258535000,3.30902777777778,"trawlers","NOR",1,2016
"2433",20963,2016-01-29,71.4,16.6,273316960,0.838611111111111,"trawlers","RUS",1,2016
"2434",20964,2016-01-29,71.4,24.2,273433220,1.615,"trawlers","RUS",1,2016
"2435",20965,2016-01-29,71.4,23.9,273433220,0.812777777777778,"trawlers","RUS",1,2016
"2436",20966,2016-01-29,71.4,23.8,273433220,1.67069444444444,"trawlers","RUS",1,2016
"2437",20967,2016-01-29,71.4,23.7,273433220,1.54375,"trawlers","RUS",1,2016
"2438",20968,2016-01-29,71.4,34.8,231066000,3.30138888888889,"trawlers","FRO",1,2016
"2439",20969,2016-01-29,71.4,16.7,273891000,3.30416666666667,"trawlers","RUS",1,2016
"2440",20970,2016-01-29,71.4,16.6,273891000,3.30166666666667,"trawlers","RUS",1,2016
"2441",20971,2016-01-29,71.4,23.9,273212100,0.765277777777778,"trawlers","RUS",1,2016
"2442",20972,2016-01-29,71.4,30,257133000,4.08652777777778,"fixed_gear","NOR",1,2016
"2443",20973,2016-01-29,71.4,30.2,257133000,0.864305555555556,"fixed_gear","NOR",1,2016
"2444",20974,2016-01-29,71.4,30.5,257133000,2.44208333333333,"fixed_gear","NOR",1,2016
"2445",20975,2016-01-29,71.4,25.2,273521100,3.30722222222222,"trawlers","RUS",1,2016
"2446",20976,2016-01-29,71.4,25,273521100,4.86569444444444,"trawlers","RUS",1,2016
"2447",20977,2016-01-29,71.4,25.1,273521100,1.62736111111111,"trawlers","RUS",1,2016
"2448",20978,2016-01-29,71.4,24.9,273521100,2.52305555555556,"trawlers","RUS",1,2016
"2449",20979,2016-01-29,71.4,25.1,273424080,3.30402777777778,"trawlers","RUS",1,2016
"2450",20980,2016-01-29,71.4,24.3,273424080,1.13555555555556,"trawlers","RUS",1,2016
"2451",20981,2016-01-29,71.4,24.6,273424080,1.66916666666667,"trawlers","RUS",1,2016
"2452",20982,2016-01-29,71.4,24.9,273424080,3.30611111111111,"trawlers","RUS",1,2016
"2453",20983,2016-01-29,71.4,16.6,273350610,3.31069444444444,"trawlers","RUS",1,2016
"2454",20984,2016-01-29,71.4,31.1,257558500,3.26013888888889,"fixed_gear","NOR",1,2016
"2455",20985,2016-01-29,71.4,30.9,257558500,3.09916666666667,"fixed_gear","NOR",1,2016
"2456",20986,2016-01-29,71.4,31,257558500,1.61944444444444,"fixed_gear","NOR",1,2016
"2457",20987,2016-01-29,71.4,26.3,259691000,5.74694444444444,"trawlers","NOR",1,2016
"2458",20988,2016-01-29,71.4,26.8,259691000,5.71916666666667,"trawlers","NOR",1,2016
"2459",21012,2016-01-29,45.9,-2,227893000,3.13416666666667,"fixed_gear","FRA",1,2016
"2460",21013,2016-01-29,45.9,-2,227806000,4.04861111111111,"fixed_gear","FRA",1,2016
"2461",21014,2016-01-29,45.9,-1.7,228222600,0.769444444444444,"fixed_gear","FRA",1,2016
"2462",21015,2016-01-29,45.9,-1.8,228222600,2.62361111111111,"fixed_gear","FRA",1,2016
"2463",21016,2016-01-29,45.9,-1.6,228222600,2.32152777777778,"fixed_gear","FRA",1,2016
"2464",21017,2016-01-29,45.9,-1.8,228355800,1.30555555555556,"fixed_gear","FRA",1,2016
"2465",21018,2016-01-29,71.5,16.4,273355780,0.801388888888889,"trawlers","RUS",1,2016
"2466",21019,2016-01-29,71.5,16.7,273355780,2.41388888888889,"trawlers","RUS",1,2016
"2467",21020,2016-01-29,71.5,16.8,273355780,1.62347222222222,"trawlers","RUS",1,2016
"2468",21021,2016-01-29,71.5,29.9,259241000,4.92097222222222,"fixed_gear","NOR",1,2016
"2469",21022,2016-01-29,71.5,42.9,273445430,1.63041666666667,"trawlers","RUS",1,2016
"2470",21023,2016-01-29,71.5,16.5,258535000,3.24833333333333,"trawlers","NOR",1,2016
"2471",21024,2016-01-29,71.5,16.5,273523100,6.54819444444444,"trawlers","RUS",1,2016
"2472",21025,2016-01-29,71.5,16.4,273891000,3.22041666666667,"trawlers","RUS",1,2016
"2473",21026,2016-01-29,71.5,16.5,273891000,6.59444444444444,"trawlers","RUS",1,2016
"2474",21027,2016-01-29,71.5,30,257133000,1.70763888888889,"fixed_gear","NOR",1,2016
"2475",21028,2016-01-29,71.5,30.3,257133000,2.43444444444444,"fixed_gear","NOR",1,2016
"2476",21029,2016-01-29,71.5,30.1,257133000,3.76291666666667,"fixed_gear","NOR",1,2016
"2477",21030,2016-01-29,71.5,30.2,257133000,2.57986111111111,"fixed_gear","NOR",1,2016
"2478",21031,2016-01-29,71.5,24.9,273521100,4.06916666666667,"trawlers","RUS",1,2016
"2479",21032,2016-01-29,71.5,24.9,273424080,3.98902777777778,"trawlers","RUS",1,2016
"2480",21033,2016-01-29,71.5,16.5,273350610,1.61777777777778,"trawlers","RUS",1,2016
"2481",21034,2016-01-29,71.5,16.6,273350610,4.07583333333333,"trawlers","RUS",1,2016
"2482",21035,2016-01-29,71.5,31.1,257558500,1.61236111111111,"fixed_gear","NOR",1,2016
"2483",21036,2016-01-29,71.5,26,259691000,5.71958333333333,"trawlers","NOR",1,2016
"2484",21037,2016-01-29,71.5,26.3,259691000,4.12319444444444,"trawlers","NOR",1,2016
"2485",21063,2016-01-29,46,-1.9,227893000,9.90777777777778,"fixed_gear","FRA",1,2016
"2486",21064,2016-01-29,46,-2,227806000,5.49055555555556,"fixed_gear","FRA",1,2016
"2487",21065,2016-01-29,46,-1.8,227833000,7.67888888888889,"fixed_gear","FRA",1,2016
"2488",21066,2016-01-29,46,-1.9,227577000,15.6436111111111,"fixed_gear","FRA",1,2016
"2489",21067,2016-01-29,46,-1.8,227577000,1.20513888888889,"fixed_gear","FRA",1,2016
"2490",21068,2016-01-29,46,-1.8,228355800,2.39361111111111,"fixed_gear","FRA",1,2016
"2491",21069,2016-01-29,46,-1.6,227321320,0.122222222222222,"fixed_gear","FRA",1,2016
"2492",21070,2016-01-29,71.6,16.3,273355780,5.71097222222222,"trawlers","RUS",1,2016
"2493",21071,2016-01-29,71.6,16.4,273355780,0.824722222222222,"trawlers","RUS",1,2016
"2494",21072,2016-01-29,71.6,16.2,273355780,0.807222222222222,"trawlers","RUS",1,2016
"2495",21073,2016-01-29,71.6,43.1,273445430,4.89333333333333,"trawlers","RUS",1,2016
"2496",21074,2016-01-29,71.6,43.3,273445430,1.62486111111111,"trawlers","RUS",1,2016
"2497",21075,2016-01-29,71.6,42.9,273445430,2.42097222222222,"trawlers","RUS",1,2016
"2498",21076,2016-01-29,71.6,43.2,273445430,0.876388888888889,"trawlers","RUS",1,2016
"2499",21077,2016-01-29,71.6,31.1,257405500,5.78583333333333,"trawlers","NOR",1,2016
"2500",21078,2016-01-29,71.6,34.8,273843800,0.79625,"trawlers","RUS",1,2016
"2501",21079,2016-01-29,71.6,34.7,273843800,0.848472222222222,"trawlers","RUS",1,2016
"2502",21080,2016-01-29,71.6,16.4,258535000,2.47986111111111,"trawlers","NOR",1,2016
"2503",21081,2016-01-29,71.6,16.3,258535000,1.61861111111111,"trawlers","NOR",1,2016
"2504",21082,2016-01-29,71.6,16.3,273316960,1.65416666666667,"trawlers","RUS",1,2016
"2505",21083,2016-01-29,71.6,16.5,273523100,1.62875,"trawlers","RUS",1,2016
"2506",21084,2016-01-29,71.6,16.3,273523100,1.63027777777778,"trawlers","RUS",1,2016
"2507",21085,2016-01-29,71.6,16.4,273523100,6.57388888888889,"trawlers","RUS",1,2016
"2508",21086,2016-01-29,71.6,16.4,273891000,1.62402777777778,"trawlers","RUS",1,2016
"2509",21087,2016-01-29,71.6,16.5,273350610,4.09777777777778,"trawlers","RUS",1,2016
"2510",21088,2016-01-29,71.6,16.4,273350610,3.24722222222222,"trawlers","RUS",1,2016
"2511",21089,2016-01-29,71.6,26.2,259691000,2.46180555555556,"trawlers","NOR",1,2016
"2512",21116,2016-01-29,46.1,-2.3,228107800,1.97055555555556,"trawlers","FRA",1,2016
"2513",21117,2016-01-29,46.1,-2,227806000,9.42597222222222,"fixed_gear","FRA",1,2016
"2514",21118,2016-01-29,46.1,-1.9,227806000,1.83611111111111,"fixed_gear","FRA",1,2016
"2515",21119,2016-01-29,46.1,-1.9,227118900,5.35805555555556,"fixed_gear","FRA",1,2016
"2516",21120,2016-01-29,46.1,-1.8,227118900,1.05833333333333,"fixed_gear","FRA",1,2016
"2517",21122,2016-01-29,46.1,-1.8,227577000,1.86083333333333,"fixed_gear","FRA",1,2016
"2518",21123,2016-01-29,46.1,-1.9,227577000,0.610555555555556,"fixed_gear","FRA",1,2016
"2519",21124,2016-01-29,46.1,-1.5,227321320,0.266944444444444,"fixed_gear","FRA",1,2016
"2520",21125,2016-01-29,71.7,16.1,273355780,1.61819444444444,"trawlers","RUS",1,2016
"2521",21126,2016-01-29,71.7,22.5,257599500,3.27902777777778,"fixed_gear","NOR",1,2016
"2522",21127,2016-01-29,71.7,22.3,257599500,6.55722222222222,"fixed_gear","NOR",1,2016
"2523",21128,2016-01-29,71.7,35,273843800,1.60541666666667,"trawlers","RUS",1,2016
"2524",21129,2016-01-29,71.7,34.9,273843800,2.47138888888889,"trawlers","RUS",1,2016
"2525",21130,2016-01-29,71.7,34.8,273843800,4.08652777777778,"trawlers","RUS",1,2016
"2526",21131,2016-01-29,71.7,16.2,258535000,4.11166666666667,"trawlers","NOR",1,2016
"2527",21132,2016-01-29,71.7,16.1,273316960,1.60097222222222,"trawlers","RUS",1,2016
"2528",21133,2016-01-29,71.7,16.4,273523100,1.61777777777778,"trawlers","RUS",1,2016
"2529",21134,2016-01-29,71.7,16.2,273523100,1.64513888888889,"trawlers","RUS",1,2016
"2530",21135,2016-01-29,71.7,16.1,273891000,2.44666666666667,"trawlers","RUS",1,2016
"2531",21136,2016-01-29,71.7,16.2,273350610,4.92527777777778,"trawlers","RUS",1,2016
"2532",21154,2016-01-29,46.2,-2,228107800,0.633472222222222,"trawlers","FRA",1,2016
"2533",21157,2016-01-29,46.2,-4.3,228904000,7.95236111111111,"fixed_gear","FRA",1,2016
"2534",21158,2016-01-29,46.2,-46.8,224314000,5.23222222222222,"trawlers","ESP",1,2016
"2535",21159,2016-01-29,46.2,-1.9,228120000,2.25583333333333,"trawlers","FRA",1,2016
"2536",21160,2016-01-29,46.2,-2,228120000,0.486111111111111,"trawlers","FRA",1,2016
"2537",21163,2016-01-29,71.8,15.9,273355780,0.806944444444444,"trawlers","RUS",1,2016
"2538",21164,2016-01-29,71.8,22.2,257599500,8.14097222222222,"fixed_gear","NOR",1,2016
"2539",21165,2016-01-29,71.8,22.4,257599500,2.45944444444444,"fixed_gear","NOR",1,2016
"2540",21166,2016-01-29,71.8,22.1,257599500,1.62486111111111,"fixed_gear","NOR",1,2016
"2541",21167,2016-01-29,71.8,28.8,257490700,3.24361111111111,"fixed_gear","NOR",1,2016
"2542",21168,2016-01-29,71.8,27.6,259380000,2.45708333333333,"fixed_gear","NOR",1,2016
"2543",21169,2016-01-29,71.8,27.7,259380000,3.25527777777778,"fixed_gear","NOR",1,2016
"2544",21170,2016-01-29,71.8,44.3,273298000,0.845694444444444,"trawlers","RUS",1,2016
"2545",21171,2016-01-29,71.8,43.7,273293400,9.8175,"trawlers","RUS",1,2016
"2546",21172,2016-01-29,71.8,34.9,273843800,1.66,"trawlers","RUS",1,2016
"2547",21173,2016-01-29,71.8,35,273843800,3.27291666666667,"trawlers","RUS",1,2016
"2548",21174,2016-01-29,71.8,16.1,258535000,4.86416666666667,"trawlers","NOR",1,2016
"2549",21175,2016-01-29,71.8,43.8,273211800,4.91347222222222,"trawlers","RUS",1,2016
"2550",21176,2016-01-29,71.8,43.7,273211800,3.30152777777778,"trawlers","RUS",1,2016
"2551",21177,2016-01-29,71.8,16,273523100,2.44305555555556,"trawlers","RUS",1,2016
"2552",21178,2016-01-29,71.8,43.9,273454800,4.09222222222222,"trawlers","RUS",1,2016
"2553",21179,2016-01-29,71.8,43.8,273454800,2.495,"trawlers","RUS",1,2016
"2554",21180,2016-01-29,71.8,43.7,273454800,1.63875,"trawlers","RUS",1,2016
"2555",21181,2016-01-29,71.8,16.3,273350610,2.50569444444444,"trawlers","RUS",1,2016
"2556",21182,2016-01-29,71.8,26.8,259457000,4.11416666666667,"fixed_gear","NOR",1,2016
"2557",21202,2016-01-29,46.3,-4.3,228904000,4.32055555555556,"fixed_gear","FRA",1,2016
"2558",21203,2016-01-29,46.3,-4.4,228904000,3.49486111111111,"fixed_gear","FRA",1,2016
"2559",21204,2016-01-29,46.3,-4.5,228904000,5.75458333333333,"fixed_gear","FRA",1,2016
"2560",21205,2016-01-29,46.3,-46.7,224314000,4.36555555555556,"trawlers","ESP",1,2016
"2561",21206,2016-01-29,46.3,-2.4,228975000,9.94180555555556,"drifting_longlines","FRA",1,2016
"2562",21207,2016-01-29,46.3,-2,228120000,0.725138888888889,"trawlers","FRA",1,2016
"2563",21208,2016-01-29,46.3,-2.2,228120000,1.25027777777778,"trawlers","FRA",1,2016
"2564",21209,2016-01-29,46.3,-2.1,228120000,1.20069444444444,"trawlers","FRA",1,2016
"2565",21210,2016-01-29,46.3,-3.3,228843000,5.99555555555555,"fixed_gear","FRA",1,2016
"2566",21211,2016-01-29,46.3,-3.2,228843000,3.80847222222222,"fixed_gear","FRA",1,2016
"2567",21213,2016-01-29,71.9,22,257599500,1.62652777777778,"fixed_gear","NOR",1,2016
"2568",21214,2016-01-29,71.9,28.9,257490700,4.89944444444444,"fixed_gear","NOR",1,2016
"2569",21215,2016-01-29,71.9,28.8,257490700,1.64861111111111,"fixed_gear","NOR",1,2016
"2570",21216,2016-01-29,71.9,27.6,259380000,6.54430555555556,"fixed_gear","NOR",1,2016
"2571",21217,2016-01-29,71.9,27.5,259380000,3.31125,"fixed_gear","NOR",1,2016
"2572",21218,2016-01-29,71.9,44.5,273298000,4.88986111111111,"trawlers","RUS",1,2016
"2573",21219,2016-01-29,71.9,44.2,273298000,1.61611111111111,"trawlers","RUS",1,2016
"2574",21220,2016-01-29,71.9,44.3,273298000,3.3025,"trawlers","RUS",1,2016
"2575",21221,2016-01-29,71.9,44.5,273293400,10.6327777777778,"trawlers","RUS",1,2016
"2576",21222,2016-01-29,71.9,44.6,273293400,9.02930555555555,"trawlers","RUS",1,2016
"2577",21223,2016-01-29,71.9,44.2,273292400,5.76152777777778,"trawlers","RUS",1,2016
"2578",21224,2016-01-29,71.9,44.5,273292400,0.78625,"trawlers","RUS",1,2016
"2579",21225,2016-01-29,71.9,44,273211800,1.62833333333333,"trawlers","RUS",1,2016
"2580",21226,2016-01-29,71.9,44.4,273211800,5.70611111111111,"trawlers","RUS",1,2016
"2581",21227,2016-01-29,71.9,44.5,273211800,3.30708333333333,"trawlers","RUS",1,2016
"2582",21228,2016-01-29,71.9,44.1,273211800,1.63472222222222,"trawlers","RUS",1,2016
"2583",21229,2016-01-29,71.9,44.3,273211800,2.46041666666667,"trawlers","RUS",1,2016
"2584",21230,2016-01-29,71.9,44.6,273211800,1.63027777777778,"trawlers","RUS",1,2016
"2585",21231,2016-01-29,71.9,44.2,273415090,3.30125,"trawlers","RUS",1,2016
"2586",21232,2016-01-29,71.9,43.9,273415090,1.64583333333333,"trawlers","RUS",1,2016
"2587",21233,2016-01-29,71.9,44.1,273415090,2.48569444444444,"trawlers","RUS",1,2016
"2588",21234,2016-01-29,71.9,44.4,273415090,1.62791666666667,"trawlers","RUS",1,2016
"2589",21235,2016-01-29,71.9,44.7,273415090,3.27513888888889,"trawlers","RUS",1,2016
"2590",21236,2016-01-29,71.9,44.1,273454800,4.91138888888889,"trawlers","RUS",1,2016
"2591",21237,2016-01-29,71.9,44,273454800,1.62388888888889,"trawlers","RUS",1,2016
"2592",21238,2016-01-29,71.9,44.4,273454800,1.62069444444444,"trawlers","RUS",1,2016
"2593",21239,2016-01-29,71.9,44.2,273454800,3.31597222222222,"trawlers","RUS",1,2016
"2594",21240,2016-01-29,71.9,43.9,273454800,1.62222222222222,"trawlers","RUS",1,2016
"2595",21241,2016-01-29,71.9,26.8,259457000,1.62361111111111,"fixed_gear","NOR",1,2016
"2596",21262,2016-01-29,46.4,-2.4,227878000,0.719444444444444,"trawlers","FRA",1,2016
"2597",21263,2016-01-29,46.4,-3.4,224038000,10.0430555555556,"fixed_gear","ESP",1,2016
"2598",21264,2016-01-29,46.4,-3.3,224038000,0.900694444444444,"fixed_gear","ESP",1,2016
"2599",21265,2016-01-29,46.4,-3.5,227408000,6.14833333333333,"fixed_gear","FRA",1,2016
"2600",21266,2016-01-29,46.4,-3.3,227408000,7.47333333333333,"fixed_gear","FRA",1,2016
"2601",21267,2016-01-29,46.4,-46.8,224314000,2.67986111111111,"trawlers","ESP",1,2016
"2602",21268,2016-01-29,46.4,-46.7,224314000,5.12888888888889,"trawlers","ESP",1,2016
"2603",21269,2016-01-29,46.4,-2.9,228194000,11.9891666666667,"trawlers","FRA",1,2016
"2604",21270,2016-01-29,46.4,-3.4,228843000,7.58736111111111,"fixed_gear","FRA",1,2016
"2605",21271,2016-01-29,72,27.6,259380000,6.47472222222222,"fixed_gear","NOR",1,2016
"2606",21272,2016-01-29,72,27.5,259380000,3.34763888888889,"fixed_gear","NOR",1,2016
"2607",21273,2016-01-29,72,46.3,273298000,1.64388888888889,"trawlers","RUS",1,2016
"2608",21274,2016-01-29,72,46.9,273298000,1.64041666666667,"trawlers","RUS",1,2016
"2609",21275,2016-01-29,72,46.6,273298000,1.59902777777778,"trawlers","RUS",1,2016
"2610",21276,2016-01-29,72,46.7,273218900,3.2775,"trawlers","RUS",1,2016
"2611",21277,2016-01-29,72,46.8,273218900,1.59027777777778,"trawlers","RUS",1,2016
"2612",21278,2016-01-29,72,47,273218900,1.66805555555556,"trawlers","RUS",1,2016
"2613",21279,2016-01-29,72,46.9,273218900,3.31736111111111,"trawlers","RUS",1,2016
"2614",21280,2016-01-29,72,47.1,273218900,1.63666666666667,"trawlers","RUS",1,2016
"2615",21281,2016-01-29,72,44.6,273293400,0.835833333333333,"trawlers","RUS",1,2016
"2616",21282,2016-01-29,72,45.4,273292400,0.790555555555556,"trawlers","RUS",1,2016
"2617",21283,2016-01-29,72,45.1,273292400,1.60416666666667,"trawlers","RUS",1,2016
"2618",21284,2016-01-29,72,44.4,273292400,4.93777777777778,"trawlers","RUS",1,2016
"2619",21285,2016-01-29,72,44.5,273415090,3.27888888888889,"trawlers","RUS",1,2016
"2620",21286,2016-01-29,72,44.4,273415090,3.29583333333333,"trawlers","RUS",1,2016
"2621",21287,2016-01-29,72,44.9,273415090,0.822638888888889,"trawlers","RUS",1,2016
"2622",21288,2016-01-29,72,45,273415090,2.38680555555556,"trawlers","RUS",1,2016
"2623",21289,2016-01-29,72,26.9,259457000,6.54972222222222,"fixed_gear","NOR",1,2016
"2624",21304,2016-01-29,46.5,-45.9,231156000,2.86625,"fixed_gear","FRO",1,2016
"2625",21305,2016-01-29,46.5,-46.1,231156000,1.92791666666667,"fixed_gear","FRO",1,2016
"2626",21306,2016-01-29,46.5,-46,231156000,7.39111111111111,"fixed_gear","FRO",1,2016
"2627",21307,2016-01-29,46.5,-46.8,224314000,2.01402777777778,"trawlers","ESP",1,2016
"2628",21308,2016-01-29,72.1,23.4,259178000,2.53569444444445,"fixed_gear","NOR",1,2016
"2629",21309,2016-01-29,72.1,47,273298000,1.59944444444444,"trawlers","RUS",1,2016
"2630",21310,2016-01-29,72.1,47,273218900,8.16666666666667,"trawlers","RUS",1,2016
"2631",21311,2016-01-29,72.1,47.1,273218900,4.90263888888889,"trawlers","RUS",1,2016
"2632",21312,2016-01-29,72.1,44.7,273415090,2.44027777777778,"trawlers","RUS",1,2016
"2633",21313,2016-01-29,72.1,26.8,259457000,5.71791666666667,"fixed_gear","NOR",1,2016
"2634",21343,2016-01-29,46.6,-46.1,231156000,0.189444444444444,"fixed_gear","FRO",1,2016
"2635",21344,2016-01-29,46.6,-46,231156000,9.56625,"fixed_gear","FRO",1,2016
"2636",21345,2016-01-29,46.6,-45.9,231156000,2.43875,"fixed_gear","FRO",1,2016
"2637",21346,2016-01-29,46.6,-4.6,227380000,4.19805555555556,"fixed_gear","FRA",1,2016
"2638",21347,2016-01-29,46.6,-4.7,227380000,23.8913888888889,"fixed_gear","FRA",1,2016
"2639",21348,2016-01-29,46.6,-46.8,224314000,3.99180555555556,"trawlers","ESP",1,2016
"2640",21350,2016-01-29,46.6,-45.8,263587000,1.96069444444444,"trawlers","PRT",1,2016
"2641",21351,2016-01-29,46.6,-45.7,263587000,1.32361111111111,"trawlers","PRT",1,2016
"2642",21352,2016-01-29,46.6,-3,228920000,8.22791666666667,"trawlers","FRA",1,2016
"2643",21353,2016-01-29,72.2,23.4,259178000,1.64041666666667,"fixed_gear","NOR",1,2016
"2644",21354,2016-01-29,72.2,23.3,259178000,3.29375,"fixed_gear","NOR",1,2016
"2645",21355,2016-01-29,72.2,28.3,257056600,0.0373611111111111,"fixed_gear","NOR",1,2016
"2646",21356,2016-01-29,72.2,22.3,259247000,1.65902777777778,"fixed_gear","NOR",1,2016
"2647",21357,2016-01-29,72.2,21.9,259247000,2.48986111111111,"fixed_gear","NOR",1,2016
"2648",21358,2016-01-29,72.2,22,259247000,3.25833333333333,"fixed_gear","NOR",1,2016
"2649",21447,2016-01-29,46.7,-2.6,228209700,1.31291666666667,"trawlers","FRA",1,2016
"2650",21448,2016-01-29,46.7,-4,224196160,21.3927777777778,"trawlers","ESP",1,2016
"2651",21449,2016-01-29,46.7,-46,231089000,2.63472222222222,"fixed_gear","FRO",1,2016
"2652",21450,2016-01-29,46.7,-2.6,228042600,7.00833333333333,"trawlers","FRA",1,2016
"2653",21451,2016-01-29,46.7,-2.7,228042600,3.57236111111111,"trawlers","FRA",1,2016
"2654",21452,2016-01-29,46.7,-3.1,227118700,10.785,"trawlers","FRA",1,2016
"2655",21453,2016-01-29,46.7,-4.9,224113270,18.5315277777778,"fixed_gear","ESP",1,2016
"2656",21454,2016-01-29,46.7,-46.7,224314000,9.09180555555556,"trawlers","ESP",1,2016
"2657",21458,2016-01-29,46.7,-45.8,263587000,10.3005555555556,"trawlers","PRT",1,2016
"2658",21459,2016-01-29,46.7,-45.9,263587000,1.34166666666667,"trawlers","PRT",1,2016
"2659",21460,2016-01-29,46.7,-45.7,263587000,9.46847222222222,"trawlers","PRT",1,2016
"2660",21461,2016-01-29,46.7,-3.1,228920000,6.36472222222222,"trawlers","FRA",1,2016
"2661",21462,2016-01-29,46.7,-4,227512000,6.55763888888889,"fixed_gear","FRA",1,2016
"2662",21463,2016-01-29,46.7,-4.1,227512000,16.10375,"fixed_gear","FRA",1,2016
"2663",21464,2016-01-29,46.7,-4.6,227532000,12.2226388888889,"fixed_gear","FRA",1,2016
"2664",21465,2016-01-29,46.7,-4.5,227532000,4.52041666666667,"fixed_gear","FRA",1,2016
"2665",21466,2016-01-29,46.7,-4.5,227926000,24.4156944444444,"fixed_gear","FRA",1,2016
"2666",21467,2016-01-29,72.3,23.2,259178000,3.29638888888889,"fixed_gear","NOR",1,2016
"2667",21468,2016-01-29,72.3,23.3,259178000,6.48680555555556,"fixed_gear","NOR",1,2016
"2668",21469,2016-01-29,72.3,23.4,259178000,3.21972222222222,"fixed_gear","NOR",1,2016
"2669",21470,2016-01-29,72.3,28.3,257056600,1.59875,"fixed_gear","NOR",1,2016
"2670",21471,2016-01-29,72.3,28.4,257056600,3.28236111111111,"fixed_gear","NOR",1,2016
"2671",21472,2016-01-29,72.3,21.8,259247000,3.26027777777778,"fixed_gear","NOR",1,2016
"2672",21473,2016-01-29,72.3,21.9,259247000,3.29527777777778,"fixed_gear","NOR",1,2016
"2673",21474,2016-01-29,72.3,22,259247000,3.26888888888889,"fixed_gear","NOR",1,2016
"2674",21533,2016-01-29,46.8,-46,231089000,14.4219444444444,"fixed_gear","FRO",1,2016
"2675",21534,2016-01-29,46.8,-46.1,231089000,6.09055555555556,"fixed_gear","FRO",1,2016
"2676",21535,2016-01-29,46.8,-2.6,228042600,3.17263888888889,"trawlers","FRA",1,2016
"2677",21536,2016-01-29,46.8,-2.6,227876000,7.10666666666667,"trawlers","FRA",1,2016
"2678",21537,2016-01-29,46.8,-4.8,227118500,9.51430555555556,"trawlers","FRA",1,2016
"2679",21540,2016-01-29,46.8,-45.8,263587000,0.53875,"trawlers","PRT",1,2016
"2680",21541,2016-01-29,46.8,-3.3,227128800,11.4986111111111,"trawlers","FRA",1,2016
"2681",21542,2016-01-29,46.8,-5,228211700,4.77819444444444,"trawlers","FRA",1,2016
"2682",21543,2016-01-29,72.4,23.3,259178000,4.07875,"fixed_gear","NOR",1,2016
"2683",21544,2016-01-29,72.4,26.2,258351000,2.45958333333333,"fixed_gear","NOR",1,2016
"2684",21545,2016-01-29,72.4,21.8,259247000,7.33291666666667,"fixed_gear","NOR",1,2016
"2685",21546,2016-01-29,72.4,24.3,259309000,4.13486111111111,"fixed_gear","NOR",1,2016
"2686",21547,2016-01-29,72.4,24.4,259309000,3.23291666666667,"fixed_gear","NOR",1,2016
"2687",21628,2016-01-29,46.9,-2.9,228239900,6.58236111111111,"trawlers","FRA",1,2016
"2688",21630,2016-01-29,46.9,-3,227876000,4.73805555555556,"trawlers","FRA",1,2016
"2689",21631,2016-01-29,46.9,-4.9,227118500,1.89291666666667,"trawlers","FRA",1,2016
"2690",21632,2016-01-29,46.9,-4.7,227118500,2.41416666666667,"trawlers","FRA",1,2016
"2691",21633,2016-01-29,46.9,-3,228259000,10.38625,"trawlers","FRA",1,2016
"2692",21634,2016-01-29,46.9,-3.5,227128800,3.34875,"trawlers","FRA",1,2016
"2693",21635,2016-01-29,46.9,-5.2,228211700,3.77375,"trawlers","FRA",1,2016
"2694",21636,2016-01-29,72.5,28.4,257056600,4.15152777777778,"fixed_gear","NOR",1,2016
"2695",21637,2016-01-29,72.5,26.2,258351000,4.10972222222222,"fixed_gear","NOR",1,2016
"2696",21638,2016-01-29,72.5,26.1,258351000,1.64597222222222,"fixed_gear","NOR",1,2016
"2697",21639,2016-01-29,72.5,24.3,259309000,4.12333333333333,"fixed_gear","NOR",1,2016
"2698",21640,2016-01-29,72.5,24.4,259309000,4.03791666666667,"fixed_gear","NOR",1,2016
"2699",21715,2016-01-29,47,-3.1,228239900,2.94319444444444,"trawlers","FRA",1,2016
"2700",21716,2016-01-29,47,-3.5,228224800,1.40666666666667,"trawlers","FRA",1,2016
"2701",21717,2016-01-29,47,-3.1,227876000,1.80388888888889,"trawlers","FRA",1,2016
"2702",21718,2016-01-29,47,-4.7,227118500,3.18111111111111,"trawlers","FRA",1,2016
"2703",21719,2016-01-29,47,-3,228813000,8.55944444444444,"fixed_gear","FRA",1,2016
"2704",21720,2016-01-29,47,-2.9,228813000,0.7,"fixed_gear","FRA",1,2016
"2705",21721,2016-01-29,47,-3.6,227128800,2.68180555555556,"trawlers","FRA",1,2016
"2706",21722,2016-01-29,47,-5.4,228211700,2.98305555555556,"trawlers","FRA",1,2016
"2707",21723,2016-01-29,47,-5.5,228211700,9.4925,"trawlers","FRA",1,2016
"2708",21724,2016-01-29,72.6,28.4,258483000,1.60819444444444,"fixed_gear","NOR",1,2016
"2709",21725,2016-01-29,72.6,28.2,258483000,0.822222222222222,"fixed_gear","NOR",1,2016
"2710",21726,2016-01-29,72.6,28.3,258483000,2.39319444444444,"fixed_gear","NOR",1,2016
"2711",21727,2016-01-29,72.6,26.1,258351000,4.14027777777778,"fixed_gear","NOR",1,2016
"2712",21728,2016-01-29,72.6,26.2,258351000,3.26333333333333,"fixed_gear","NOR",1,2016
"2713",21729,2016-01-29,72.6,24.3,259309000,5.73013888888889,"fixed_gear","NOR",1,2016
"2714",21730,2016-01-29,72.6,24.4,259309000,1.64847222222222,"fixed_gear","NOR",1,2016
"2715",21731,2016-01-29,72.6,25.6,259489000,1.62111111111111,"fixed_gear","NOR",1,2016
"2716",21789,2016-01-29,47.1,-2.9,228239900,3.03041666666667,"trawlers","FRA",1,2016
"2717",21790,2016-01-29,47.1,-3.1,228239900,5.49680555555556,"trawlers","FRA",1,2016
"2718",21791,2016-01-29,47.1,-3.5,228224800,4.76472222222222,"trawlers","FRA",1,2016
"2719",21792,2016-01-29,47.1,-3.4,228224800,1.61930555555556,"trawlers","FRA",1,2016
"2720",21793,2016-01-29,47.1,-3.1,227876000,2.17652777777778,"trawlers","FRA",1,2016
"2721",21794,2016-01-29,47.1,-3,227876000,0.26375,"trawlers","FRA",1,2016
"2722",21796,2016-01-29,47.1,-3.6,227128800,1.315,"trawlers","FRA",1,2016
"2723",21797,2016-01-29,47.1,-5.6,228211700,4.01541666666667,"trawlers","FRA",1,2016
"2724",21799,2016-01-29,72.7,28.1,258483000,0.773333333333333,"fixed_gear","NOR",1,2016
"2725",21800,2016-01-29,72.7,26.1,258351000,8.98125,"fixed_gear","NOR",1,2016
"2726",21801,2016-01-29,72.7,24.4,257536700,6.49027777777778,"trawlers","NOR",1,2016
"2727",21802,2016-01-29,72.7,24.5,257536700,16.4484722222222,"trawlers","NOR",1,2016
"2728",21803,2016-01-29,72.7,24.4,259309000,1.63555555555556,"fixed_gear","NOR",1,2016
"2729",21804,2016-01-29,72.7,14.8,258380500,4.14763888888889,"fixed_gear","NOR",1,2016
"2730",21805,2016-01-29,72.7,14.9,258380500,4.06625,"fixed_gear","NOR",1,2016
"2731",21806,2016-01-29,72.7,25.6,259489000,3.24888888888889,"fixed_gear","NOR",1,2016
"2732",21842,2016-01-29,47.2,-45.2,231146000,4.82736111111111,"trawlers","FRO",1,2016
"2733",21843,2016-01-29,47.2,-45.3,231146000,2.20902777777778,"trawlers","FRO",1,2016
"2734",21844,2016-01-29,47.2,-3.3,228394000,8.03069444444444,"trawlers","FRA",1,2016
"2735",21845,2016-01-29,47.2,-3.2,228394000,6.01555555555556,"trawlers","FRA",1,2016
"2736",21846,2016-01-29,47.2,-3.4,228394000,0.108888888888889,"trawlers","FRA",1,2016
"2737",21847,2016-01-29,47.2,-3.6,228370000,3.16097222222222,"trawlers","FRA",1,2016
"2738",21848,2016-01-29,47.2,-3.5,228370000,4.82152777777778,"trawlers","FRA",1,2016
"2739",21849,2016-01-29,47.2,-5.3,228020600,13.1720833333333,"trawlers","FRA",1,2016
"2740",21850,2016-01-29,47.2,-6.1,227579000,10.6459722222222,"fixed_gear","FRA",1,2016
"2741",21851,2016-01-29,47.2,-2.8,227876000,0.434861111111111,"trawlers","FRA",1,2016
"2742",21852,2016-01-29,47.2,-3,227876000,1.52166666666667,"trawlers","FRA",1,2016
"2743",21853,2016-01-29,47.2,-2.9,227876000,2.72069444444444,"trawlers","FRA",1,2016
"2744",21854,2016-01-29,47.2,-3.3,227300000,6.33402777777778,"fixed_gear","FRA",1,2016
"2745",21855,2016-01-29,47.2,-3.4,227300000,0.224166666666667,"fixed_gear","FRA",1,2016
"2746",21856,2016-01-29,47.2,-3.1,227300000,1.36361111111111,"fixed_gear","FRA",1,2016
"2747",21857,2016-01-29,47.2,-3.2,227300000,7.19347222222222,"fixed_gear","FRA",1,2016
"2748",21859,2016-01-29,47.2,-3.5,227481000,8.38680555555556,"trawlers","FRA",1,2016
"2749",21860,2016-01-29,47.2,-3.4,227481000,1.42666666666667,"trawlers","FRA",1,2016
"2750",21861,2016-01-29,47.2,-3.6,227481000,2.69319444444444,"trawlers","FRA",1,2016
"2751",21862,2016-01-29,47.2,-5.8,228130000,6.15652777777778,"fixed_gear","FRA",1,2016
"2752",21863,2016-01-29,72.8,27.2,257225000,1.63861111111111,"fixed_gear","NOR",1,2016
"2753",21864,2016-01-29,72.8,24.5,257536700,1.62083333333333,"trawlers","NOR",1,2016
"2754",21865,2016-01-29,72.8,14.7,258380500,1.62458333333333,"fixed_gear","NOR",1,2016
"2755",21949,2016-01-29,47.3,-3.7,227109900,1.31708333333333,"trawlers","FRA",1,2016
"2756",21950,2016-01-29,47.3,-3.6,227109900,1.54527777777778,"trawlers","FRA",1,2016
"2757",21951,2016-01-29,47.3,-45.2,231146000,5.72375,"trawlers","FRO",1,2016
"2758",21952,2016-01-29,47.3,-45.3,231146000,5.68055555555556,"trawlers","FRO",1,2016
"2759",21953,2016-01-29,47.3,-6.3,228383000,7.84458333333333,"trawlers","FRA",1,2016
"2760",21954,2016-01-29,47.3,-6.1,228383000,4.57222222222222,"trawlers","FRA",1,2016
"2761",21955,2016-01-29,47.3,-3.5,228224800,1.28277777777778,"trawlers","FRA",1,2016
"2762",21956,2016-01-29,47.3,-3.6,228370000,0.0988888888888889,"trawlers","FRA",1,2016
"2763",21957,2016-01-29,47.3,-3.5,228370000,2.37861111111111,"trawlers","FRA",1,2016
"2764",21958,2016-01-29,47.3,-3.4,228370000,1.49736111111111,"trawlers","FRA",1,2016
"2765",21960,2016-01-29,47.3,-5.1,227877000,0.827083333333333,"trawlers","FRA",1,2016
"2766",21961,2016-01-29,47.3,-2.9,228273800,0.808333333333333,"fixed_gear","FRA",1,2016
"2767",21963,2016-01-29,47.3,-3.5,227481000,1.94152777777778,"trawlers","FRA",1,2016
"2768",21964,2016-01-29,47.3,-4,228387000,0.46125,"trawlers","FRA",1,2016
"2769",21965,2016-01-29,47.3,-3.6,228802000,2.77527777777778,"trawlers","FRA",1,2016
"2770",21966,2016-01-29,47.3,-3.7,228802000,9.38902777777778,"trawlers","FRA",1,2016
"2771",21967,2016-01-29,47.3,-4.5,228332000,4.33333333333333,"trawlers","FRA",1,2016
"2772",21968,2016-01-29,47.3,-6.1,228236000,11.82125,"trawlers","FRA",1,2016
"2773",21969,2016-01-29,47.3,-5.2,228172000,7.63,"trawlers","FRA",1,2016
"2774",21970,2016-01-29,72.9,27.2,257225000,3.26569444444445,"fixed_gear","NOR",1,2016
"2775",21971,2016-01-29,72.9,27.1,257225000,11.5066666666667,"fixed_gear","NOR",1,2016
"2776",21972,2016-01-29,72.9,14.6,258380500,1.59861111111111,"fixed_gear","NOR",1,2016
"2777",21973,2016-01-29,72.9,14.7,258380500,0.84,"fixed_gear","NOR",1,2016
"2778",21974,2016-01-29,72.9,14.8,258380500,0.8225,"fixed_gear","NOR",1,2016
"2779",22070,2016-01-29,47.4,-4,228853000,1.65888888888889,"trawlers","FRA",1,2016
"2780",22071,2016-01-29,47.4,-3.9,228853000,1.79125,"trawlers","FRA",1,2016
"2781",22072,2016-01-29,47.4,-4.2,228238600,0.979444444444444,"trawlers","FRA",1,2016
"2782",22073,2016-01-29,47.4,-3.9,228238600,0.969305555555556,"trawlers","FRA",1,2016
"2783",22074,2016-01-29,47.4,-4,228238600,0.851666666666667,"trawlers","FRA",1,2016
"2784",22075,2016-01-29,47.4,-4.1,228238600,9.31,"trawlers","FRA",1,2016
"2785",22076,2016-01-29,47.4,-3.5,227109900,0.426805555555556,"trawlers","FRA",1,2016
"2786",22077,2016-01-29,47.4,-3.8,227109900,1.17375,"trawlers","FRA",1,2016
"2787",22078,2016-01-29,47.4,-3.7,227109900,0.672361111111111,"trawlers","FRA",1,2016
"2788",22079,2016-01-29,47.4,-3.4,227109900,3.67027777777778,"trawlers","FRA",1,2016
"2789",22080,2016-01-29,47.4,-3.6,227109900,1.28611111111111,"trawlers","FRA",1,2016
"2790",22081,2016-01-29,47.4,-3.9,227109900,1.50680555555556,"trawlers","FRA",1,2016
"2791",22082,2016-01-29,47.4,-45.3,231146000,4.36472222222222,"trawlers","FRO",1,2016
"2792",22083,2016-01-29,47.4,-45.2,231146000,1.06958333333333,"trawlers","FRO",1,2016
"2793",22084,2016-01-29,47.4,-3.7,228874000,0.651111111111111,"trawlers","FRA",1,2016
"2794",22085,2016-01-29,47.4,-3.8,228874000,1.30444444444444,"trawlers","FRA",1,2016
"2795",22086,2016-01-29,47.4,-4,228874000,2.45097222222222,"trawlers","FRA",1,2016
"2796",22087,2016-01-29,47.4,-4.1,228874000,2.39680555555556,"trawlers","FRA",1,2016
"2797",22088,2016-01-29,47.4,-3.9,228874000,1.24444444444444,"trawlers","FRA",1,2016
"2798",22089,2016-01-29,47.4,-4.1,228035600,7.37138888888889,"trawlers","FRA",1,2016
"2799",22090,2016-01-29,47.4,-3.9,228035600,2.3725,"trawlers","FRA",1,2016
"2800",22091,2016-01-29,47.4,-4,228035600,5.33972222222222,"trawlers","FRA",1,2016
"2801",22092,2016-01-29,47.4,-3.5,228122900,1.765,"trawlers","FRA",1,2016
"2802",22093,2016-01-29,47.4,-3.6,228122900,0.574444444444444,"trawlers","FRA",1,2016
"2803",22094,2016-01-29,47.4,-3.4,227315990,2.79666666666667,"fixed_gear","FRA",1,2016
"2804",22095,2016-01-29,47.4,-3.5,227315990,3.89083333333333,"fixed_gear","FRA",1,2016
"2805",22096,2016-01-29,47.4,-3.2,227733270,2.31888888888889,"fixed_gear","FRA",1,2016
"2806",22097,2016-01-29,47.4,-3.5,228224800,0.920138888888889,"trawlers","FRA",1,2016
"2807",22098,2016-01-29,47.4,-3.6,228224800,1.04430555555556,"trawlers","FRA",1,2016
"2808",22099,2016-01-29,47.4,-4,228905000,1.98222222222222,"trawlers","FRA",1,2016
"2809",22100,2016-01-29,47.4,-3.9,228905000,13.8690277777778,"trawlers","FRA",1,2016
"2810",22101,2016-01-29,47.4,-4.4,228925000,0.810138888888889,"trawlers","FRA",1,2016
"2811",22102,2016-01-29,47.4,-5.3,228157000,0.503333333333333,"trawlers","FRA",1,2016
"2812",22103,2016-01-29,47.4,-4.4,228893000,10.9333333333333,"trawlers","FRA",1,2016
"2813",22104,2016-01-29,47.4,-3.5,228370000,1.4175,"trawlers","FRA",1,2016
"2814",22105,2016-01-29,47.4,-3.4,228370000,0.119583333333333,"trawlers","FRA",1,2016
"2815",22110,2016-01-29,47.4,-5.3,227590000,5.69277777777778,"trawlers","FRA",1,2016
"2816",22111,2016-01-29,47.4,-5,227472000,2.98333333333333,"trawlers","FRA",1,2016
"2817",22112,2016-01-29,47.4,-5.4,227877000,5.48930555555556,"trawlers","FRA",1,2016
"2818",22113,2016-01-29,47.4,-5.3,227877000,1.65305555555556,"trawlers","FRA",1,2016
"2819",22114,2016-01-29,47.4,-5.1,227877000,1.29722222222222,"trawlers","FRA",1,2016
"2820",22115,2016-01-29,47.4,-5.2,227877000,1.85763888888889,"trawlers","FRA",1,2016
"2821",22116,2016-01-29,47.4,-5,227877000,0.528333333333333,"trawlers","FRA",1,2016
"2822",22117,2016-01-29,47.4,-3.2,227102860,0.895694444444444,"fixed_gear","FRA",1,2016
"2823",22118,2016-01-29,47.4,-3.1,227102860,0.525138888888889,"fixed_gear","FRA",1,2016
"2824",22119,2016-01-29,47.4,-3.9,228218000,2.04625,"trawlers","FRA",1,2016
"2825",22120,2016-01-29,47.4,-3.8,228218000,1.52597222222222,"trawlers","FRA",1,2016
"2826",22121,2016-01-29,47.4,-4,228218000,0.274722222222222,"trawlers","FRA",1,2016
"2827",22122,2016-01-29,47.4,-3.6,228313000,0.431666666666667,"trawlers","FRA",1,2016
"2828",22123,2016-01-29,47.4,-3.8,228313000,0.862638888888889,"trawlers","FRA",1,2016
"2829",22124,2016-01-29,47.4,-3.9,228313000,1.15236111111111,"trawlers","FRA",1,2016
"2830",22125,2016-01-29,47.4,-3.7,228313000,0.903472222222222,"trawlers","FRA",1,2016
"2831",22126,2016-01-29,47.4,-4,228313000,6.09569444444444,"trawlers","FRA",1,2016
"2832",22127,2016-01-29,47.4,-4.1,228313000,2.23708333333333,"trawlers","FRA",1,2016
"2833",22128,2016-01-29,47.4,-3.9,228387000,4.20736111111111,"trawlers","FRA",1,2016
"2834",22129,2016-01-29,47.4,-4,228387000,3.27486111111111,"trawlers","FRA",1,2016
"2835",22130,2016-01-29,47.4,-4.1,228387000,1.11986111111111,"trawlers","FRA",1,2016
"2836",22131,2016-01-29,47.4,-4.2,228387000,2.75041666666667,"trawlers","FRA",1,2016
"2837",22132,2016-01-29,47.4,-4,228312000,9.89097222222222,"trawlers","FRA",1,2016
"2838",22133,2016-01-29,47.4,-3.5,227315910,0.116666666666667,"fixed_gear","FRA",1,2016
"2839",22134,2016-01-29,47.4,-3.4,227315910,0.558055555555556,"fixed_gear","FRA",1,2016
"2840",22135,2016-01-29,47.4,-3.6,228802000,4.16875,"trawlers","FRA",1,2016
"2841",22136,2016-01-29,47.4,-3.7,228802000,7.20361111111111,"trawlers","FRA",1,2016
"2842",22137,2016-01-29,47.4,-5,228130000,0.272222222222222,"fixed_gear","FRA",1,2016
"2843",22138,2016-01-29,47.4,-4.9,228130000,0.282361111111111,"fixed_gear","FRA",1,2016
"2844",22139,2016-01-29,47.4,-4.5,228332000,2.52430555555556,"trawlers","FRA",1,2016
"2845",22140,2016-01-29,47.4,-6.3,227340000,7.01027777777778,"trawlers","FRA",1,2016
"2846",22141,2016-01-29,73,27.2,257225000,4.87958333333333,"fixed_gear","NOR",1,2016
"2847",22142,2016-01-29,73,27.1,257225000,3.27888888888889,"fixed_gear","NOR",1,2016
"2848",22143,2016-01-29,73,14.6,258380500,2.52375,"fixed_gear","NOR",1,2016
"2849",22144,2016-01-29,73,14.7,258380500,4.08361111111111,"fixed_gear","NOR",1,2016
"2850",22188,2016-01-29,47.5,-4,228853000,1.00847222222222,"trawlers","FRA",1,2016
"2851",22189,2016-01-29,47.5,-3.9,228853000,4.10402777777778,"trawlers","FRA",1,2016
"2852",22190,2016-01-29,47.5,-3.9,228238600,0.65125,"trawlers","FRA",1,2016
"2853",22191,2016-01-29,47.5,-4.1,228238600,2.52986111111111,"trawlers","FRA",1,2016
"2854",22192,2016-01-29,47.5,-4.2,228238600,1.02819444444444,"trawlers","FRA",1,2016
"2855",22193,2016-01-29,47.5,-3.6,227109900,0.433888888888889,"trawlers","FRA",1,2016
"2856",22194,2016-01-29,47.5,-3.4,227109900,0.11125,"trawlers","FRA",1,2016
"2857",22195,2016-01-29,47.5,-4.1,228874000,4.77875,"trawlers","FRA",1,2016
"2858",22196,2016-01-29,47.5,-4,228874000,2.45958333333333,"trawlers","FRA",1,2016
"2859",22197,2016-01-29,47.5,-3.9,228874000,1.33069444444444,"trawlers","FRA",1,2016
"2860",22198,2016-01-29,47.5,-4.2,228874000,2.51833333333333,"trawlers","FRA",1,2016
"2861",22199,2016-01-29,47.5,-4.2,228035600,2.78041666666667,"trawlers","FRA",1,2016
"2862",22200,2016-01-29,47.5,-4,228035600,2.02861111111111,"trawlers","FRA",1,2016
"2863",22201,2016-01-29,47.5,-3.9,228035600,0.707777777777778,"trawlers","FRA",1,2016
"2864",22202,2016-01-29,47.5,-3.7,228122900,0.129444444444444,"trawlers","FRA",1,2016
"2865",22203,2016-01-29,47.5,-6.2,228383000,16.4443055555556,"trawlers","FRA",1,2016
"2866",22204,2016-01-29,47.5,-3.6,228224800,0.4575,"trawlers","FRA",1,2016
"2867",22205,2016-01-29,47.5,-4,228905000,1.315,"trawlers","FRA",1,2016
"2868",22206,2016-01-29,47.5,-3.9,228905000,1.12027777777778,"trawlers","FRA",1,2016
"2869",22207,2016-01-29,47.5,-5,228126000,3.12736111111111,"trawlers","FRA",1,2016
"2870",22208,2016-01-29,47.5,-4.9,228126000,0.468888888888889,"trawlers","FRA",1,2016
"2871",22209,2016-01-29,47.5,-5.1,228126000,1.18930555555556,"trawlers","FRA",1,2016
"2872",22210,2016-01-29,47.5,-4.4,228925000,1.81819444444444,"trawlers","FRA",1,2016
"2873",22211,2016-01-29,47.5,-5.4,228157000,6.12458333333333,"trawlers","FRA",1,2016
"2874",22212,2016-01-29,47.5,-5.5,228157000,0.936805555555556,"trawlers","FRA",1,2016
"2875",22213,2016-01-29,47.5,-4.4,228893000,0.381666666666667,"trawlers","FRA",1,2016
"2876",22214,2016-01-29,47.5,-4.3,228893000,1.50319444444444,"trawlers","FRA",1,2016
"2877",22215,2016-01-29,47.5,-4.1,228171600,0.969305555555556,"trawlers","FRA",1,2016
"2878",22216,2016-01-29,47.5,-4.3,228171600,6.69680555555556,"trawlers","FRA",1,2016
"2879",22217,2016-01-29,47.5,-4.2,228171600,2.06833333333333,"trawlers","FRA",1,2016
"2880",22220,2016-01-29,47.5,-5.3,227590000,2.60083333333333,"trawlers","FRA",1,2016
"2881",22221,2016-01-29,47.5,-5.2,227590000,0.888888888888889,"trawlers","FRA",1,2016
"2882",22222,2016-01-29,47.5,-5.1,227590000,0.86,"trawlers","FRA",1,2016
"2883",22223,2016-01-29,47.5,-5,227590000,0.854166666666667,"trawlers","FRA",1,2016
"2884",22224,2016-01-29,47.5,-5.4,227590000,3.56763888888889,"trawlers","FRA",1,2016
"2885",22225,2016-01-29,47.5,-4.3,228219000,2.80444444444444,"trawlers","FRA",1,2016
"2886",22226,2016-01-29,47.5,-4.4,228219000,0.268055555555556,"trawlers","FRA",1,2016
"2887",22227,2016-01-29,47.5,-4.2,228219000,1.50027777777778,"trawlers","FRA",1,2016
"2888",22228,2016-01-29,47.5,-5.2,227984000,0.486111111111111,"trawlers","FRA",1,2016
"2889",22229,2016-01-29,47.5,-5.3,227984000,11.8140277777778,"trawlers","FRA",1,2016
"2890",22230,2016-01-29,47.5,-5.1,227984000,1.11111111111111,"trawlers","FRA",1,2016
"2891",22231,2016-01-29,47.5,-4.9,227984000,0.522222222222222,"trawlers","FRA",1,2016
"2892",22232,2016-01-29,47.5,-5,227984000,0.678611111111111,"trawlers","FRA",1,2016
"2893",22233,2016-01-29,47.5,-4.8,227472000,2.15222222222222,"trawlers","FRA",1,2016
"2894",22234,2016-01-29,47.5,-4.9,227472000,3.03055555555556,"trawlers","FRA",1,2016
"2895",22235,2016-01-29,47.5,-5,227472000,1.82486111111111,"trawlers","FRA",1,2016
"2896",22236,2016-01-29,47.5,-4,228218000,4.415,"trawlers","FRA",1,2016
"2897",22237,2016-01-29,47.5,-3.6,227315880,0.075,"fixed_gear","FRA",1,2016
"2898",22238,2016-01-29,47.5,-3.5,227315880,2.05388888888889,"fixed_gear","FRA",1,2016
"2899",22239,2016-01-29,47.5,-4,228313000,1.45472222222222,"trawlers","FRA",1,2016
"2900",22240,2016-01-29,47.5,-3.9,228313000,1.87013888888889,"trawlers","FRA",1,2016
"2901",22241,2016-01-29,47.5,-4.2,228313000,1.75388888888889,"trawlers","FRA",1,2016
"2902",22242,2016-01-29,47.5,-3.6,228313000,0.627777777777778,"trawlers","FRA",1,2016
"2903",22243,2016-01-29,47.5,-4.2,228118700,2.55888888888889,"trawlers","FRA",1,2016
"2904",22244,2016-01-29,47.5,-4.3,228118700,3.39472222222222,"trawlers","FRA",1,2016
"2905",22245,2016-01-29,47.5,-5.4,228931000,7.43638888888889,"trawlers","FRA",1,2016
"2906",22246,2016-01-29,47.5,-3.9,228387000,2.28888888888889,"trawlers","FRA",1,2016
"2907",22247,2016-01-29,47.5,-4.2,228387000,0.564305555555556,"trawlers","FRA",1,2016
"2908",22248,2016-01-29,47.5,-4.1,228387000,1.21236111111111,"trawlers","FRA",1,2016
"2909",22249,2016-01-29,47.5,-4,228387000,1.65541666666667,"trawlers","FRA",1,2016
"2910",22250,2016-01-29,47.5,-3.4,227315910,2.72194444444444,"fixed_gear","FRA",1,2016
"2911",22251,2016-01-29,47.5,-3.7,228802000,0.253888888888889,"trawlers","FRA",1,2016
"2912",22252,2016-01-29,47.5,-3.6,228802000,0.257777777777778,"trawlers","FRA",1,2016
"2913",22253,2016-01-29,47.5,-4.7,228258000,1.56305555555556,"trawlers","FRA",1,2016
"2914",22254,2016-01-29,47.5,-4.8,228258000,1.61013888888889,"trawlers","FRA",1,2016
"2915",22255,2016-01-29,47.5,-6.2,228236000,4.17791666666667,"trawlers","FRA",1,2016
"2916",22256,2016-01-29,47.5,-6.3,228236000,5.21875,"trawlers","FRA",1,2016
"2917",22257,2016-01-29,47.5,-5,228172000,0.784722222222222,"trawlers","FRA",1,2016
"2918",22258,2016-01-29,47.5,-5.3,228172000,3.80861111111111,"trawlers","FRA",1,2016
"2919",22259,2016-01-29,47.5,-6,227340000,8.04763888888889,"trawlers","FRA",1,2016
"2920",22282,2016-01-29,47.6,-3.9,228853000,1.81069444444444,"trawlers","FRA",1,2016
"2921",22283,2016-01-29,47.6,-4.9,228126000,2.20583333333333,"trawlers","FRA",1,2016
"2922",22284,2016-01-29,47.6,-5,228126000,1.85333333333333,"trawlers","FRA",1,2016
"2923",22285,2016-01-29,47.6,-4.8,228126000,1.03861111111111,"trawlers","FRA",1,2016
"2924",22286,2016-01-29,47.6,-4.7,228126000,0.255,"trawlers","FRA",1,2016
"2925",22288,2016-01-29,47.6,-4.4,228171600,1.0925,"trawlers","FRA",1,2016
"2926",22289,2016-01-29,47.6,-3.6,227629670,0.661805555555556,"fixed_gear","FRA",1,2016
"2927",22290,2016-01-29,47.6,-3.5,227629670,4.19375,"fixed_gear","FRA",1,2016
"2928",22291,2016-01-29,47.6,-4.4,228219000,2.79694444444444,"trawlers","FRA",1,2016
"2929",22292,2016-01-29,47.6,-4.3,228219000,1.01138888888889,"trawlers","FRA",1,2016
"2930",22293,2016-01-29,47.6,-4.8,227472000,0.253333333333333,"trawlers","FRA",1,2016
"2931",22294,2016-01-29,47.6,-5,228922000,3.20583333333333,"trawlers","FRA",1,2016
"2932",22295,2016-01-29,47.6,-4.8,228922000,1.63513888888889,"trawlers","FRA",1,2016
"2933",22296,2016-01-29,47.6,-5.1,228922000,2.36319444444444,"trawlers","FRA",1,2016
"2934",22297,2016-01-29,47.6,-4.9,228922000,1.155,"trawlers","FRA",1,2016
"2935",22298,2016-01-29,47.6,-3.6,227315880,3.22513888888889,"fixed_gear","FRA",1,2016
"2936",22299,2016-01-29,47.6,-4.3,228118700,1.7725,"trawlers","FRA",1,2016
"2937",22300,2016-01-29,47.6,-4.8,228931000,0.539444444444444,"trawlers","FRA",1,2016
"2938",22301,2016-01-29,47.6,-5,228931000,0.829166666666667,"trawlers","FRA",1,2016
"2939",22302,2016-01-29,47.6,-4.9,228931000,0.295277777777778,"trawlers","FRA",1,2016
"2940",22303,2016-01-29,47.6,-4.9,228376000,2.73361111111111,"trawlers","FRA",1,2016
"2941",22304,2016-01-29,47.6,-4.7,228376000,0.259444444444444,"trawlers","FRA",1,2016
"2942",22305,2016-01-29,47.6,-4.8,228376000,4.47916666666667,"trawlers","FRA",1,2016
"2943",22306,2016-01-29,47.6,-4.6,228258000,0.53625,"trawlers","FRA",1,2016
"2944",22307,2016-01-29,47.6,-4.7,228258000,1.33111111111111,"trawlers","FRA",1,2016
"2945",22308,2016-01-29,47.6,-4.8,228258000,2.08402777777778,"trawlers","FRA",1,2016
"2946",22309,2016-01-29,47.6,-5.3,228172000,2.09472222222222,"trawlers","FRA",1,2016
"2947",22310,2016-01-29,47.6,-5.2,228172000,0.351111111111111,"trawlers","FRA",1,2016
"2948",22311,2016-01-29,47.6,-5.1,228172000,1.93347222222222,"trawlers","FRA",1,2016
"2949",22312,2016-01-29,47.6,-5,228172000,0.824583333333333,"trawlers","FRA",1,2016
"2950",22313,2016-01-29,47.6,-4.1,228156900,0.821388888888889,"purse_seines","FRA",1,2016
"2951",22345,2016-01-29,47.7,-4.6,227318040,0.27,"trawlers","FRA",1,2016
"2952",22346,2016-01-29,47.7,-4.7,227318040,0.387916666666667,"trawlers","FRA",1,2016
"2953",22347,2016-01-29,47.7,-4.8,227318040,0.66125,"trawlers","FRA",1,2016
"2954",22349,2016-01-29,47.7,-4.7,228126000,1.31111111111111,"trawlers","FRA",1,2016
"2955",22350,2016-01-29,47.7,-4.9,228126000,0.394722222222222,"trawlers","FRA",1,2016
"2956",22351,2016-01-29,47.7,-5,228126000,0.661388888888889,"trawlers","FRA",1,2016
"2957",22353,2016-01-29,47.7,-4.4,228233800,3.62513888888889,"fixed_gear","FRA",1,2016
"2958",22354,2016-01-29,47.7,-4.5,228233800,0.898472222222222,"fixed_gear","FRA",1,2016
"2959",22355,2016-01-29,47.7,-5.5,228251000,3.00333333333333,"trawlers","FRA",1,2016
"2960",22356,2016-01-29,47.7,-5.2,228251000,0.258888888888889,"trawlers","FRA",1,2016
"2961",22357,2016-01-29,47.7,-5.3,228251000,2.72041666666667,"trawlers","FRA",1,2016
"2962",22358,2016-01-29,47.7,-5.6,228251000,11.1318055555556,"trawlers","FRA",1,2016
"2963",22359,2016-01-29,47.7,-4.7,228922000,1.32125,"trawlers","FRA",1,2016
"2964",22360,2016-01-29,47.7,-5,228922000,2.38513888888889,"trawlers","FRA",1,2016
"2965",22361,2016-01-29,47.7,-4.8,228931000,0.267222222222222,"trawlers","FRA",1,2016
"2966",22362,2016-01-29,47.7,-3.9,228941000,1.86055555555556,"trawlers","FRA",1,2016
"2967",22363,2016-01-29,47.7,-5.2,228172000,1.60944444444444,"trawlers","FRA",1,2016
"2968",22364,2016-01-29,47.7,-5.3,228172000,2.14444444444444,"trawlers","FRA",1,2016
"2969",22405,2016-01-29,47.8,-4.8,227318040,0.771666666666667,"trawlers","FRA",1,2016
"2970",22406,2016-01-29,47.8,-4.6,227318040,2.91972222222222,"trawlers","FRA",1,2016
"2971",22407,2016-01-29,47.8,-4.7,227318040,1.25611111111111,"trawlers","FRA",1,2016
"2972",22408,2016-01-29,47.8,-4.7,227586680,3.13430555555556,"fixed_gear","FRA",1,2016
"2973",22409,2016-01-29,47.8,-4.8,227586680,2.64027777777778,"fixed_gear","FRA",1,2016
"2974",22410,2016-01-29,47.8,-5.8,227375000,11.6033333333333,"trawlers","FRA",1,2016
"2975",22412,2016-01-29,47.8,-4,228941000,0.267083333333333,"trawlers","FRA",1,2016
"2976",22452,2016-01-29,47.9,-7.4,228158000,14.7416666666667,"trawlers","FRA",1,2016
"2977",22454,2016-01-29,47.9,-8.4,232006840,10.6066666666667,"fixed_gear","GBR",1,2016
"2978",22455,2016-01-29,47.9,-6.5,227843000,7.7675,"trawlers","FRA",1,2016
"2979",22457,2016-01-29,47.9,-6,227340000,5.27097222222222,"trawlers","FRA",1,2016
"2980",22540,2016-01-29,48,-5.4,227114300,0.680694444444444,"fixed_gear","FRA",1,2016
"2981",22542,2016-01-29,48,-8.4,232006840,5.38791666666667,"fixed_gear","GBR",1,2016
"2982",22543,2016-01-29,48,-6.6,227843000,9.04111111111111,"trawlers","FRA",1,2016
"2983",22548,2016-01-29,73.6,19.3,273437080,0.812777777777778,"trawlers","RUS",1,2016
"2984",22549,2016-01-29,73.6,19.2,273437080,0.834444444444445,"trawlers","RUS",1,2016
"2985",22614,2016-01-29,48.1,-47.8,276458000,2.24902777777778,"trawlers","EST",1,2016
"2986",22615,2016-01-29,48.1,-47.3,276458000,1.08347222222222,"trawlers","EST",1,2016
"2987",22616,2016-01-29,48.1,-47.4,276458000,1.40291666666667,"trawlers","EST",1,2016
"2988",22617,2016-01-29,48.1,-47.7,276458000,4.17041666666667,"trawlers","EST",1,2016
"2989",22618,2016-01-29,48.1,-47.2,276458000,3.14708333333333,"trawlers","EST",1,2016
"2990",22619,2016-01-29,48.1,-47.5,276458000,3.95166666666667,"trawlers","EST",1,2016
"2991",22620,2016-01-29,48.1,-47.6,276458000,2.57347222222222,"trawlers","EST",1,2016
"2992",22624,2016-01-29,48.1,-8.3,224130870,16.7722222222222,"fixed_gear","ESP",1,2016
"2993",22625,2016-01-29,48.1,-8.2,224130870,8.42625,"fixed_gear","ESP",1,2016
"2994",22626,2016-01-29,48.1,-6.3,227827000,6.20916666666667,"trawlers","FRA",1,2016
"2995",22627,2016-01-29,48.1,-47.5,224488000,11.9183333333333,"trawlers","ESP",1,2016
"2996",22628,2016-01-29,48.1,-47.4,224488000,12.9631944444444,"trawlers","ESP",1,2016
"2997",22629,2016-01-29,48.1,-9.4,235007300,1.03513888888889,"fixed_gear","GBR",1,2016
"2998",22630,2016-01-29,48.1,-9.3,235007300,3.73055555555556,"fixed_gear","GBR",1,2016
"2999",22631,2016-01-29,48.1,-9.5,235007300,7.12347222222222,"fixed_gear","GBR",1,2016
"3000",22632,2016-01-29,48.1,-6.4,227843000,6.63305555555556,"trawlers","FRA",1,2016
"3001",22633,2016-01-29,48.1,-47.8,224536000,1.36263888888889,"trawlers","ESP",1,2016
"3002",22634,2016-01-29,48.1,-47,224536000,1.11291666666667,"trawlers","ESP",1,2016
"3003",22635,2016-01-29,48.1,-47.2,224536000,4.31736111111111,"trawlers","ESP",1,2016
"3004",22636,2016-01-29,48.1,-46.9,224536000,1.31777777777778,"trawlers","ESP",1,2016
"3005",22637,2016-01-29,48.1,-47.3,224536000,4.19555555555556,"trawlers","ESP",1,2016
"3006",22638,2016-01-29,48.1,-47.5,224536000,3.16916666666667,"trawlers","ESP",1,2016
"3007",22639,2016-01-29,48.1,-47.1,224536000,1.19138888888889,"trawlers","ESP",1,2016
"3008",22640,2016-01-29,48.1,-47.4,224536000,0.900138888888889,"trawlers","ESP",1,2016
"3009",22641,2016-01-29,48.1,-47.7,224536000,2.34694444444444,"trawlers","ESP",1,2016
"3010",22642,2016-01-29,48.1,-47.6,224536000,4.36,"trawlers","ESP",1,2016
"3011",22645,2016-01-29,48.1,-47.7,263533000,1.45958333333333,"trawlers","PRT",1,2016
"3012",22646,2016-01-29,48.1,-47.3,263533000,8.12638888888889,"trawlers","PRT",1,2016
"3013",22647,2016-01-29,48.1,-47.6,263533000,4.97291666666667,"trawlers","PRT",1,2016
"3014",22648,2016-01-29,48.1,-47.8,263533000,1.70166666666667,"trawlers","PRT",1,2016
"3015",22649,2016-01-29,48.1,-47.4,263533000,2.19305555555556,"trawlers","PRT",1,2016
"3016",22650,2016-01-29,48.1,-47.2,263533000,3.89263888888889,"trawlers","PRT",1,2016
"3017",22651,2016-01-29,48.1,-47.5,263533000,1.75027777777778,"trawlers","PRT",1,2016
"3018",22652,2016-01-29,73.7,19.8,273514800,4.87333333333333,"trawlers","RUS",1,2016
"3019",22653,2016-01-29,73.7,20,273514800,2.4475,"trawlers","RUS",1,2016
"3020",22654,2016-01-29,73.7,19.7,273514800,4.94333333333333,"trawlers","RUS",1,2016
"3021",22655,2016-01-29,73.7,19.9,273514800,1.66916666666667,"trawlers","RUS",1,2016
"3022",22656,2016-01-29,73.7,19.2,273437080,2.49138888888889,"trawlers","RUS",1,2016
"3023",22657,2016-01-29,73.7,19.1,273437080,3.26972222222222,"trawlers","RUS",1,2016
"3024",22658,2016-01-29,73.7,19.4,273437080,0.883333333333333,"trawlers","RUS",1,2016
"3025",22659,2016-01-29,73.7,19.3,273437080,1.65263888888889,"trawlers","RUS",1,2016
"3026",22660,2016-01-29,73.7,20.1,273891300,2.45472222222222,"trawlers","RUS",1,2016
"3027",22730,2016-01-29,48.2,-6.2,227827000,4.77430555555556,"trawlers","FRA",1,2016
"3028",22731,2016-01-29,48.2,-9.3,235007300,4.215,"fixed_gear","GBR",1,2016
"3029",22732,2016-01-29,48.2,-9.2,235007300,7.175,"fixed_gear","GBR",1,2016
"3030",22735,2016-01-29,48.2,-6.4,227843000,3.37055555555556,"trawlers","FRA",1,2016
"3031",22738,2016-01-29,48.2,-6.2,227372000,4.66722222222222,"trawlers","FRA",1,2016
"3032",22741,2016-01-29,73.8,19.4,273514800,4.95361111111111,"trawlers","RUS",1,2016
"3033",22742,2016-01-29,73.8,19.7,273514800,1.61625,"trawlers","RUS",1,2016
"3034",22743,2016-01-29,73.8,19.1,273437080,3.26777777777778,"trawlers","RUS",1,2016
"3035",22744,2016-01-29,73.8,19.2,273437080,1.65472222222222,"trawlers","RUS",1,2016
"3036",22745,2016-01-29,73.8,19.8,273891300,5.7625,"trawlers","RUS",1,2016
"3037",22746,2016-01-29,73.8,19.7,273891300,1.60763888888889,"trawlers","RUS",1,2016
"3038",22747,2016-01-29,73.8,20,273891300,3.29513888888889,"trawlers","RUS",1,2016
"3039",22748,2016-01-29,73.8,19.9,273891300,5.73166666666667,"trawlers","RUS",1,2016
"3040",22803,2016-01-29,48.3,-6.3,227827000,4.34236111111111,"trawlers","FRA",1,2016
"3041",22805,2016-01-29,48.3,-9.4,228020900,3.90138888888889,"trawlers","FRA",1,2016
"3042",22806,2016-01-29,48.3,-9.5,224792000,7.36930555555556,"fixed_gear","ESP",1,2016
"3043",22807,2016-01-29,48.3,-9.6,224792000,11.2434722222222,"fixed_gear","ESP",1,2016
"3044",22809,2016-01-29,48.3,-6.2,227372000,10.8973611111111,"trawlers","FRA",1,2016
"3045",22849,2016-01-29,48.4,-9.6,228221000,7.38708333333333,"drifting_longlines","FRA",1,2016
"3046",22851,2016-01-29,48.4,-9.4,228020900,1.26625,"trawlers","FRA",1,2016
"3047",22852,2016-01-29,48.4,-9.6,224792000,6.09263888888889,"fixed_gear","ESP",1,2016
"3048",22853,2016-01-29,48.4,-5.7,226178000,0.772083333333333,"trawlers","FRA",1,2016
"3049",22918,2016-01-29,48.5,-9.6,224152340,11.7740277777778,"fixed_gear","ESP",1,2016
"3050",22919,2016-01-29,48.5,-9.5,224152340,7.68958333333333,"fixed_gear","ESP",1,2016
"3051",22921,2016-01-29,48.5,-9.6,228221000,14.3044444444444,"drifting_longlines","FRA",1,2016
"3052",22922,2016-01-29,48.5,-9.4,228020900,11.8413888888889,"trawlers","FRA",1,2016
"3053",22923,2016-01-29,48.5,-6.2,226179000,0.323888888888889,"trawlers","FRA",1,2016
"3054",22924,2016-01-29,48.5,-6.3,226179000,2.65458333333333,"trawlers","FRA",1,2016
"3055",22925,2016-01-29,48.5,-10.6,232006590,4.03388888888889,"fixed_gear","GBR",1,2016
"3056",22926,2016-01-29,48.5,-10.5,232006590,5.50888888888889,"fixed_gear","GBR",1,2016
"3057",22927,2016-01-29,48.5,-6.3,228228800,0.561666666666667,"trawlers","FRA",1,2016
"3058",22928,2016-01-29,48.5,-5.9,226178000,6.76472222222222,"trawlers","FRA",1,2016
"3059",22929,2016-01-29,48.5,-5.7,226178000,1.29611111111111,"trawlers","FRA",1,2016
"3060",22930,2016-01-29,48.5,-5.6,226178000,0.510138888888889,"trawlers","FRA",1,2016
"3061",22931,2016-01-29,48.5,-8.1,227145700,6.215,"trawlers","FRA",1,2016
"3062",22933,2016-01-29,74.1,16.4,273552400,0.792222222222222,"trawlers","RUS",1,2016
"3063",22934,2016-01-29,74.1,31.5,258483000,1.65847222222222,"fixed_gear","NOR",1,2016
"3064",22935,2016-01-29,74.1,31,258483000,1.63291666666667,"fixed_gear","NOR",1,2016
"3065",22936,2016-01-29,74.1,16.4,273550400,0.792083333333333,"trawlers","RUS",1,2016
"3066",22937,2016-01-29,74.1,16.5,273354820,0.814861111111111,"trawlers","RUS",1,2016
"3067",22938,2016-01-29,74.1,16.7,273354820,3.25888888888889,"trawlers","RUS",1,2016
"3068",23029,2016-01-29,48.6,-5.1,227988000,0.394305555555556,"fixed_gear","FRA",1,2016
"3069",23030,2016-01-29,48.6,-10.3,224103970,1.36555555555556,"fixed_gear","ESP",1,2016
"3070",23031,2016-01-29,48.6,-10.2,224103970,4.35527777777778,"fixed_gear","ESP",1,2016
"3071",23032,2016-01-29,48.6,-7.9,227336000,3.49152777777778,"trawlers","FRA",1,2016
"3072",23036,2016-01-29,48.6,-5.1,228336000,0.438888888888889,"fixed_gear","FRA",1,2016
"3073",23037,2016-01-29,48.6,-7.9,227364000,4.60208333333333,"trawlers","FRA",1,2016
"3074",23038,2016-01-29,48.6,-9.6,228020900,6.04708333333333,"trawlers","FRA",1,2016
"3075",23039,2016-01-29,48.6,-6.2,226179000,1.38875,"trawlers","FRA",1,2016
"3076",23040,2016-01-29,48.6,-6.1,226179000,0.860138888888889,"trawlers","FRA",1,2016
"3077",23041,2016-01-29,48.6,-10.3,232006590,0.58,"fixed_gear","GBR",1,2016
"3078",23042,2016-01-29,48.6,-10.2,232006590,0.335694444444444,"fixed_gear","GBR",1,2016
"3079",23043,2016-01-29,48.6,-10.5,232006590,3.00055555555556,"fixed_gear","GBR",1,2016
"3080",23044,2016-01-29,48.6,-10.4,232006590,1.03458333333333,"fixed_gear","GBR",1,2016
"3081",23048,2016-01-29,48.6,-6.3,228228800,1.88513888888889,"trawlers","FRA",1,2016
"3082",23049,2016-01-29,48.6,-5.7,226178000,1.04166666666667,"trawlers","FRA",1,2016
"3083",23050,2016-01-29,48.6,-6,226178000,6.89277777777778,"trawlers","FRA",1,2016
"3084",23051,2016-01-29,48.6,-8.1,227145700,1.39861111111111,"trawlers","FRA",1,2016
"3085",23052,2016-01-29,48.6,-8,227145700,2.42652777777778,"trawlers","FRA",1,2016
"3086",23053,2016-01-29,48.6,-5.9,226177000,2.89319444444444,"trawlers","FRA",1,2016
"3087",23054,2016-01-29,74.2,16.4,273552400,2.4475,"trawlers","RUS",1,2016
"3088",23055,2016-01-29,74.2,16.3,273552400,0.804305555555555,"trawlers","RUS",1,2016
"3089",23056,2016-01-29,74.2,16.5,273841710,0.846111111111111,"trawlers","RUS",1,2016
"3090",23057,2016-01-29,74.2,16.3,273841710,1.64180555555556,"trawlers","RUS",1,2016
"3091",23058,2016-01-29,74.2,31.2,258483000,2.48666666666667,"fixed_gear","NOR",1,2016
"3092",23059,2016-01-29,74.2,16.3,273550400,0.876388888888889,"trawlers","RUS",1,2016
"3093",23060,2016-01-29,74.2,16.4,273550400,3.29305555555556,"trawlers","RUS",1,2016
"3094",23061,2016-01-29,74.2,16.8,273354820,0.823194444444444,"trawlers","RUS",1,2016
"3095",23062,2016-01-29,74.2,16.7,273354820,4.12763888888889,"trawlers","RUS",1,2016
"3096",23063,2016-01-29,74.2,16.4,273431440,1.6675,"trawlers","RUS",1,2016
"3097",23064,2016-01-29,74.2,16.4,273421520,0.805416666666667,"trawlers","RUS",1,2016
"3098",23143,2016-01-29,48.7,-2.8,227678480,1.21652777777778,"trawlers","FRA",1,2016
"3099",23144,2016-01-29,48.7,-10.3,224103970,5.97569444444444,"fixed_gear","ESP",1,2016
"3100",23145,2016-01-29,48.7,-10.2,224103970,8.39430555555555,"fixed_gear","ESP",1,2016
"3101",23146,2016-01-29,48.7,-7.6,228236600,3.01444444444444,"trawlers","FRA",1,2016
"3102",23147,2016-01-29,48.7,-7.9,227336000,2.24694444444444,"trawlers","FRA",1,2016
"3103",23148,2016-01-29,48.7,-8,227336000,7.13472222222222,"trawlers","FRA",1,2016
"3104",23149,2016-01-29,48.7,-9.8,224005190,5.27208333333333,"trawlers","ESP",1,2016
"3105",23150,2016-01-29,48.7,-10,224005190,11.1034722222222,"trawlers","ESP",1,2016
"3106",23151,2016-01-29,48.7,-10.1,224005190,1.54652777777778,"trawlers","ESP",1,2016
"3107",23152,2016-01-29,48.7,-9.9,224005190,4.50472222222222,"trawlers","ESP",1,2016
"3108",23155,2016-01-29,48.7,-10,228015700,5.56347222222222,"trawlers","FRA",1,2016
"3109",23156,2016-01-29,48.7,-10.1,228015700,2.14791666666667,"trawlers","FRA",1,2016
"3110",23157,2016-01-29,48.7,-10.6,225361000,1.52236111111111,"fixed_gear","ESP",1,2016
"3111",23158,2016-01-29,48.7,-10.5,225361000,8.31847222222222,"fixed_gear","ESP",1,2016
"3112",23159,2016-01-29,48.7,-7.9,227366000,11.4679166666667,"trawlers","FRA",1,2016
"3113",23160,2016-01-29,48.7,-2.5,227323270,1.92027777777778,"fixed_gear","FRA",1,2016
"3114",23161,2016-01-29,48.7,-2.4,227323270,0.814722222222222,"fixed_gear","FRA",1,2016
"3115",23162,2016-01-29,48.7,-7.8,227364000,4.50833333333333,"trawlers","FRA",1,2016
"3116",23163,2016-01-29,48.7,-10.4,228020900,5.33763888888889,"trawlers","FRA",1,2016
"3117",23164,2016-01-29,48.7,-6.1,226179000,10.2141666666667,"trawlers","FRA",1,2016
"3118",23165,2016-01-29,48.7,-10.2,232006590,6.11583333333333,"fixed_gear","GBR",1,2016
"3119",23169,2016-01-29,48.7,-10.3,224024000,17.77375,"fixed_gear","ESP",1,2016
"3120",23170,2016-01-29,48.7,-6.2,228228800,0.62875,"trawlers","FRA",1,2016
"3121",23171,2016-01-29,48.7,-7.7,227145700,4.99083333333333,"trawlers","FRA",1,2016
"3122",23172,2016-01-29,48.7,-7.9,227145700,1.43638888888889,"trawlers","FRA",1,2016
"3123",23173,2016-01-29,48.7,-7.8,227145700,1.23430555555556,"trawlers","FRA",1,2016
"3124",23174,2016-01-29,48.7,-4,228143600,0.261111111111111,"fixed_gear","FRA",1,2016
"3125",23175,2016-01-29,48.7,-7.5,227915000,5.12055555555555,"trawlers","FRA",1,2016
"3126",23176,2016-01-29,48.7,-7.6,227915000,9.14152777777778,"trawlers","FRA",1,2016
"3127",23177,2016-01-29,74.3,16.3,273552400,3.28361111111111,"trawlers","RUS",1,2016
"3128",23178,2016-01-29,74.3,16.4,273841710,4.93916666666667,"trawlers","RUS",1,2016
"3129",23179,2016-01-29,74.3,16.2,273841710,3.31111111111111,"trawlers","RUS",1,2016
"3130",23180,2016-01-29,74.3,16.3,273841710,6.47305555555555,"trawlers","RUS",1,2016
"3131",23181,2016-01-29,74.3,16.3,273550400,1.62125,"trawlers","RUS",1,2016
"3132",23182,2016-01-29,74.3,16.4,273550400,1.62319444444444,"trawlers","RUS",1,2016
"3133",23183,2016-01-29,74.3,16.4,273431440,4.96930555555555,"trawlers","RUS",1,2016
"3134",23261,2016-01-29,48.8,-2.8,227678480,0.137638888888889,"trawlers","FRA",1,2016
"3135",23262,2016-01-29,48.8,-10.2,224103970,1.53638888888889,"fixed_gear","ESP",1,2016
"3136",23263,2016-01-29,48.8,-7.5,228236600,15.2516666666667,"trawlers","FRA",1,2016
"3137",23264,2016-01-29,48.8,-7.7,227336000,2.91652777777778,"trawlers","FRA",1,2016
"3138",23265,2016-01-29,48.8,-7.6,227336000,8.45847222222222,"trawlers","FRA",1,2016
"3139",23266,2016-01-29,48.8,-7.9,227336000,1.34444444444444,"trawlers","FRA",1,2016
"3140",23267,2016-01-29,48.8,-10.2,224005190,2.92902777777778,"trawlers","ESP",1,2016
"3141",23268,2016-01-29,48.8,-10.1,224005190,2.10888888888889,"trawlers","ESP",1,2016
"3142",23270,2016-01-29,48.8,-10.4,225361000,7.25888888888889,"fixed_gear","ESP",1,2016
"3143",23271,2016-01-29,48.8,-10.5,225361000,1.81305555555556,"fixed_gear","ESP",1,2016
"3144",23272,2016-01-29,48.8,-7.7,227364000,6.58555555555556,"trawlers","FRA",1,2016
"3145",23273,2016-01-29,48.8,-7.6,227364000,5.20583333333333,"trawlers","FRA",1,2016
"3146",23276,2016-01-29,48.8,-10.9,225378000,4.03277777777778,"fixed_gear","ESP",1,2016
"3147",23277,2016-01-29,48.8,-11,225378000,3.21347222222222,"fixed_gear","ESP",1,2016
"3148",23278,2016-01-29,48.8,-10.8,225378000,2.84527777777778,"fixed_gear","ESP",1,2016
"3149",23279,2016-01-29,48.8,-7.7,227831000,0.943333333333333,"trawlers","FRA",1,2016
"3150",23280,2016-01-29,48.8,-10.5,224780000,21.5919444444444,"fixed_gear","ESP",1,2016
"3151",23281,2016-01-29,48.8,-7.7,227145700,2.11472222222222,"trawlers","FRA",1,2016
"3152",23282,2016-01-29,48.8,-6.4,226177000,0.533333333333333,"trawlers","FRA",1,2016
"3153",23283,2016-01-29,48.8,-6.3,226177000,1.90277777777778,"trawlers","FRA",1,2016
"3154",23284,2016-01-29,48.8,-4,228143600,1.57361111111111,"fixed_gear","FRA",1,2016
"3155",23285,2016-01-29,48.8,-7.5,227915000,4.15125,"trawlers","FRA",1,2016
"3156",23286,2016-01-29,74.4,16.3,273552400,3.325,"trawlers","RUS",1,2016
"3157",23287,2016-01-29,74.4,16.3,273841710,1.65347222222222,"trawlers","RUS",1,2016
"3158",23288,2016-01-29,74.4,16.2,273841710,1.62972222222222,"trawlers","RUS",1,2016
"3159",23289,2016-01-29,74.4,16.3,273550400,2.43513888888889,"trawlers","RUS",1,2016
"3160",23363,2016-01-29,48.9,-10.5,228043800,1.65833333333333,"trawlers","FRA",1,2016
"3161",23366,2016-01-29,48.9,-7.6,227336000,2.02652777777778,"trawlers","FRA",1,2016
"3162",23367,2016-01-29,48.9,-3.4,227682390,1.88263888888889,"fixed_gear","FRA",1,2016
"3163",23370,2016-01-29,48.9,-7.6,227366000,8.03013888888889,"trawlers","FRA",1,2016
"3164",23378,2016-01-29,48.9,-10.8,225378000,8.95763888888889,"fixed_gear","ESP",1,2016
"3165",23379,2016-01-29,48.9,-7.6,227831000,12.2268055555556,"trawlers","FRA",1,2016
"3166",23380,2016-01-29,48.9,-10.6,224780000,8.17152777777778,"fixed_gear","ESP",1,2016
"3167",23381,2016-01-29,48.9,-7.6,227145700,1.79430555555556,"trawlers","FRA",1,2016
"3168",23382,2016-01-29,48.9,-7.5,227145700,3.39555555555556,"trawlers","FRA",1,2016
"3169",23383,2016-01-29,48.9,-6.1,226177000,13.2715277777778,"trawlers","FRA",1,2016
"3170",23384,2016-01-29,48.9,-6.2,226177000,1.53444444444444,"trawlers","FRA",1,2016
"3171",23425,2016-01-29,49,-10.6,228043800,1.38944444444444,"trawlers","FRA",1,2016
"3172",23426,2016-01-29,49,-10.7,228043800,0.50875,"trawlers","FRA",1,2016
"3173",23427,2016-01-29,49,-10.5,228043800,2.17986111111111,"trawlers","FRA",1,2016
"3174",23430,2016-01-29,49,-7.5,227336000,2.81472222222222,"trawlers","FRA",1,2016
"3175",23431,2016-01-29,49,-6.3,227485000,0.449583333333333,"trawlers","FRA",1,2016
"3176",23432,2016-01-29,49,-6.4,227485000,1.36458333333333,"trawlers","FRA",1,2016
"3177",23434,2016-01-29,49,-1.8,228106600,3.23472222222222,"trawlers","FRA",1,2016
"3178",23435,2016-01-29,49,-1.9,228106600,3.55305555555556,"trawlers","FRA",1,2016
"3179",23436,2016-01-29,49,-2.8,228806000,0.391805555555556,"fixed_gear","FRA",1,2016
"3180",23437,2016-01-29,49,-7.5,227366000,8.07583333333333,"trawlers","FRA",1,2016
"3181",23438,2016-01-29,49,-7.4,227366000,1.53416666666667,"trawlers","FRA",1,2016
"3182",23439,2016-01-29,49,-7.5,227364000,4.2975,"trawlers","FRA",1,2016
"3183",23442,2016-01-29,49,-7.5,227831000,5.85319444444444,"trawlers","FRA",1,2016
"3184",23443,2016-01-29,49,-7.5,227145700,1.68763888888889,"trawlers","FRA",1,2016
"3185",23444,2016-01-29,49,-6.1,226177000,6.77,"trawlers","FRA",1,2016
"3186",23462,2016-01-29,49.1,-2.5,227413000,2.99444444444444,"fixed_gear","FRA",1,2016
"3187",23463,2016-01-29,49.1,-10.4,228043800,2.27166666666667,"trawlers","FRA",1,2016
"3188",23464,2016-01-29,49.1,-10.7,228043800,7.71694444444444,"trawlers","FRA",1,2016
"3189",23466,2016-01-29,49.1,-6.3,227485000,0.671388888888889,"trawlers","FRA",1,2016
"3190",23467,2016-01-29,49.1,-2.9,227346000,5.67222222222222,"fixed_gear","FRA",1,2016
"3191",23468,2016-01-29,49.1,-2.7,227346000,0.126388888888889,"fixed_gear","FRA",1,2016
"3192",23469,2016-01-29,49.1,-2.8,227346000,3.715,"fixed_gear","FRA",1,2016
"3193",23473,2016-01-29,49.1,-9,228349800,15.4597222222222,"trawlers","FRA",1,2016
"3194",23474,2016-01-29,49.1,-2.8,228806000,0.848194444444444,"fixed_gear","FRA",1,2016
"3195",23475,2016-01-29,49.1,-2.7,228806000,2.34944444444444,"fixed_gear","FRA",1,2016
"3196",23476,2016-01-29,49.1,-2.9,228827000,0.436111111111111,"fixed_gear","FRA",1,2016
"3197",23477,2016-01-29,49.1,-2.8,228827000,1.81444444444444,"fixed_gear","FRA",1,2016
"3198",23478,2016-01-29,49.1,-1.8,227569050,5.49263888888889,"trawlers","FRA",1,2016
"3199",23479,2016-01-29,49.1,-8.5,228236700,5.04166666666667,"trawlers","FRA",1,2016
"3200",23480,2016-01-29,49.1,-8.3,228236700,2.12375,"trawlers","FRA",1,2016
"3201",23481,2016-01-29,49.1,-8.2,228236700,1.35416666666667,"trawlers","FRA",1,2016
"3202",23485,2016-01-29,49.1,-1.9,227319780,9.37138888888889,"trawlers","FRA",1,2016
"3203",23486,2016-01-29,49.1,-1.8,227319780,10.4616666666667,"trawlers","FRA",1,2016
"3204",23513,2016-01-29,49.2,-10.3,228043800,9.5175,"trawlers","FRA",1,2016
"3205",23514,2016-01-29,49.2,-10.4,228043800,0.305416666666667,"trawlers","FRA",1,2016
"3206",23515,2016-01-29,49.2,-2.7,235001140,4.76097222222222,"fixed_gear","GBR",1,2016
"3207",23516,2016-01-29,49.2,-2.8,235001140,2.53527777777778,"fixed_gear","GBR",1,2016
"3208",23517,2016-01-29,49.2,-2.6,235001140,0.137222222222222,"fixed_gear","GBR",1,2016
"3209",23519,2016-01-29,49.2,-2.9,227346000,1.71472222222222,"fixed_gear","FRA",1,2016
"3210",23520,2016-01-29,49.2,-2.8,227346000,2.66958333333333,"fixed_gear","FRA",1,2016
"3211",23521,2016-01-29,49.2,-2.7,227346000,0.418333333333333,"fixed_gear","FRA",1,2016
"3212",23523,2016-01-29,49.2,-9,228349800,7.11625,"trawlers","FRA",1,2016
"3213",23524,2016-01-29,49.2,-9.1,228349800,2.92305555555556,"trawlers","FRA",1,2016
"3214",23525,2016-01-29,49.2,-2.9,228827000,3.16444444444444,"fixed_gear","FRA",1,2016
"3215",23526,2016-01-29,49.2,-2.7,228827000,0.73,"fixed_gear","FRA",1,2016
"3216",23527,2016-01-29,49.2,-2.8,228827000,7.77152777777778,"fixed_gear","FRA",1,2016
"3217",23528,2016-01-29,49.2,-2.8,228965000,0.134583333333333,"fixed_gear","FRA",1,2016
"3218",23529,2016-01-29,49.2,-2.7,228965000,7.33152777777778,"fixed_gear","FRA",1,2016
"3219",23532,2016-01-29,49.2,-1.8,227569050,1.03513888888889,"trawlers","FRA",1,2016
"3220",23533,2016-01-29,49.2,-7.7,228236700,0.562083333333333,"trawlers","FRA",1,2016
"3221",23534,2016-01-29,49.2,-8.3,228236700,13.1025,"trawlers","FRA",1,2016
"3222",23535,2016-01-29,49.2,-8.1,228236700,1.99125,"trawlers","FRA",1,2016
"3223",23536,2016-01-29,49.2,-7.9,228236700,2.55361111111111,"trawlers","FRA",1,2016
"3224",23537,2016-01-29,49.2,-7.6,228236700,0.375138888888889,"trawlers","FRA",1,2016
"3225",23538,2016-01-29,49.2,-7.8,228236700,0.879583333333333,"trawlers","FRA",1,2016
"3226",23574,2016-01-29,49.3,-0.3,227315520,6.86138888888889,"trawlers","FRA",1,2016
"3227",23575,2016-01-29,49.3,-6.1,227485000,0.772777777777778,"trawlers","FRA",1,2016
"3228",23586,2016-01-29,49.3,-6.1,235005150,1.95694444444444,"fixed_gear","GBR",1,2016
"3229",23587,2016-01-29,49.3,-6,235005150,1.58083333333333,"fixed_gear","GBR",1,2016
"3230",23588,2016-01-29,74.9,39.6,275444000,1.62069444444444,"fixed_gear","LVA",1,2016
"3231",23603,2016-01-29,49.4,-0.5,227945000,1.79472222222222,"trawlers","FRA",1,2016
"3232",23604,2016-01-29,49.4,-0.8,227945000,0.782916666666667,"trawlers","FRA",1,2016
"3233",23605,2016-01-29,49.4,-0.7,227945000,1.04847222222222,"trawlers","FRA",1,2016
"3234",23606,2016-01-29,49.4,-0.6,227945000,1.03694444444444,"trawlers","FRA",1,2016
"3235",23607,2016-01-29,49.4,-0.4,227945000,2.35763888888889,"trawlers","FRA",1,2016
"3236",23612,2016-01-29,49.4,-6,227485000,2.90458333333333,"trawlers","FRA",1,2016
"3237",23613,2016-01-29,49.4,-5.8,227485000,1.57180555555556,"trawlers","FRA",1,2016
"3238",23614,2016-01-29,49.4,-6.1,227485000,0.256666666666667,"trawlers","FRA",1,2016
"3239",23615,2016-01-29,49.4,-5.9,227485000,3.64875,"trawlers","FRA",1,2016
"3240",23619,2016-01-29,49.4,-0.4,227938000,2.73861111111111,"trawlers","FRA",1,2016
"3241",23620,2016-01-29,49.4,-0.5,227938000,1.375,"trawlers","FRA",1,2016
"3242",23623,2016-01-29,49.4,-5.7,235005150,0.354305555555556,"fixed_gear","GBR",1,2016
"3243",23624,2016-01-29,49.4,-6,235005150,0.511666666666667,"fixed_gear","GBR",1,2016
"3244",23625,2016-01-29,49.4,-5.9,235005150,0.526111111111111,"fixed_gear","GBR",1,2016
"3245",23626,2016-01-29,49.4,-0.4,227553000,2.67069444444444,"trawlers","FRA",1,2016
"3246",23627,2016-01-29,49.4,-0.5,227553000,1.18986111111111,"trawlers","FRA",1,2016
"3247",23628,2016-01-29,49.4,-0.3,227553000,0.104305555555556,"trawlers","FRA",1,2016
"3248",23629,2016-01-29,49.4,-0.4,227414000,2.85611111111111,"trawlers","FRA",1,2016
"3249",23630,2016-01-29,49.4,-0.5,227414000,1.84722222222222,"trawlers","FRA",1,2016
"3250",23631,2016-01-29,49.4,-0.7,228239600,5.68263888888889,"trawlers","FRA",1,2016
"3251",23632,2016-01-29,49.4,-0.6,228239600,0.258333333333333,"trawlers","FRA",1,2016
"3252",23633,2016-01-29,49.4,-0.8,228239600,2.32805555555556,"trawlers","FRA",1,2016
"3253",23634,2016-01-29,75,39.2,275444000,1.63125,"fixed_gear","LVA",1,2016
"3254",23635,2016-01-29,75,38.7,275444000,4.16694444444444,"fixed_gear","LVA",1,2016
"3255",23636,2016-01-29,75,39.5,275444000,3.24388888888889,"fixed_gear","LVA",1,2016
"3256",23637,2016-01-29,75,38.8,275444000,2.43930555555556,"fixed_gear","LVA",1,2016
"3257",23638,2016-01-29,75,38.8,275460000,0.0391666666666667,"fixed_gear","LVA",1,2016
"3258",23639,2016-01-29,75,38.9,275460000,1.61944444444444,"fixed_gear","LVA",1,2016
"3259",23640,2016-01-29,75,38.6,275171000,1.64708333333333,"trawlers","LVA",1,2016
"3260",23641,2016-01-29,75,38.8,273336280,1.58861111111111,"fixed_gear","RUS",1,2016
"3261",23642,2016-01-29,75,39.1,273336280,1.62361111111111,"fixed_gear","RUS",1,2016
"3262",23643,2016-01-29,75,38.9,273336280,4.16805555555556,"fixed_gear","RUS",1,2016
"3263",23671,2016-01-29,49.5,-5,228213000,0.525138888888889,"trawlers","FRA",1,2016
"3264",23672,2016-01-29,49.5,-4.9,228213000,0.259444444444444,"trawlers","FRA",1,2016
"3265",23673,2016-01-29,49.5,-4.2,228033800,2.67666666666667,"trawlers","FRA",1,2016
"3266",23674,2016-01-29,49.5,-4.3,228033800,3.48083333333333,"trawlers","FRA",1,2016
"3267",23675,2016-01-29,49.5,-4,228033800,0.785555555555556,"trawlers","FRA",1,2016
"3268",23676,2016-01-29,49.5,-4.4,228033800,0.623055555555555,"trawlers","FRA",1,2016
"3269",23677,2016-01-29,49.5,-4.1,228033800,1.08111111111111,"trawlers","FRA",1,2016
"3270",23678,2016-01-29,49.5,-4.7,228203800,3.23722222222222,"trawlers","FRA",1,2016
"3271",23679,2016-01-29,49.5,-4.4,228203800,6.52680555555555,"trawlers","FRA",1,2016
"3272",23680,2016-01-29,49.5,-4.6,228203800,4.69236111111111,"trawlers","FRA",1,2016
"3273",23681,2016-01-29,49.5,-0.9,227945000,6.05972222222222,"trawlers","FRA",1,2016
"3274",23682,2016-01-29,49.5,-1,227945000,2.60333333333333,"trawlers","FRA",1,2016
"3275",23683,2016-01-29,49.5,-0.5,227945000,0.516944444444444,"trawlers","FRA",1,2016
"3276",23684,2016-01-29,49.5,-1.1,227945000,0.775,"trawlers","FRA",1,2016
"3277",23685,2016-01-29,49.5,-0.6,227945000,3.6075,"trawlers","FRA",1,2016
"3278",23686,2016-01-29,49.5,-3.7,228070700,0.527361111111111,"trawlers","FRA",1,2016
"3279",23687,2016-01-29,49.5,-5.1,227358000,2.06486111111111,"trawlers","FRA",1,2016
"3280",23688,2016-01-29,49.5,-5.2,227358000,2.06680555555556,"trawlers","FRA",1,2016
"3281",23689,2016-01-29,49.5,-5.5,227358000,0.523472222222222,"trawlers","FRA",1,2016
"3282",23690,2016-01-29,49.5,-5.3,227358000,0.641666666666667,"trawlers","FRA",1,2016
"3283",23691,2016-01-29,49.5,-5.4,227358000,0.523611111111111,"trawlers","FRA",1,2016
"3284",23694,2016-01-29,49.5,-4.6,227144500,4.61069444444444,"trawlers","FRA",1,2016
"3285",23695,2016-01-29,49.5,-5.4,235001921,2.28138888888889,"trawlers","GBR",1,2016
"3286",23696,2016-01-29,49.5,-5.2,235001921,2.85569444444444,"trawlers","GBR",1,2016
"3287",23697,2016-01-29,49.5,-5.3,235001921,1.44027777777778,"trawlers","GBR",1,2016
"3288",23698,2016-01-29,49.5,-5.5,227485000,1.0225,"trawlers","FRA",1,2016
"3289",23699,2016-01-29,49.5,-5.8,227485000,0.795972222222222,"trawlers","FRA",1,2016
"3290",23700,2016-01-29,49.5,-5.7,227485000,1.29555555555556,"trawlers","FRA",1,2016
"3291",23701,2016-01-29,49.5,-5.6,227485000,1.05125,"trawlers","FRA",1,2016
"3292",23702,2016-01-29,49.5,-5.9,227485000,1.27777777777778,"trawlers","FRA",1,2016
"3293",23703,2016-01-29,49.5,-4.4,228316000,1.90375,"trawlers","FRA",1,2016
"3294",23704,2016-01-29,49.5,-4.7,227313000,7.13861111111111,"trawlers","FRA",1,2016
"3295",23705,2016-01-29,49.5,-4.6,227313000,4.01527777777778,"trawlers","FRA",1,2016
"3296",23706,2016-01-29,49.5,-4.8,227313000,6.87305555555556,"trawlers","FRA",1,2016
"3297",23707,2016-01-29,49.5,-4.9,227313000,2.52111111111111,"trawlers","FRA",1,2016
"3298",23708,2016-01-29,49.5,-4.6,227558000,5.69347222222222,"trawlers","FRA",1,2016
"3299",23709,2016-01-29,49.5,-4.5,227558000,0.886666666666667,"trawlers","FRA",1,2016
"3300",23710,2016-01-29,49.5,-5,228264600,1.01805555555556,"trawlers","FRA",1,2016
"3301",23711,2016-01-29,49.5,-4.9,228264600,0.259583333333333,"trawlers","FRA",1,2016
"3302",23712,2016-01-29,49.5,-5.4,228264600,2.12583333333333,"trawlers","FRA",1,2016
"3303",23713,2016-01-29,49.5,-5.2,228264600,1.30055555555556,"trawlers","FRA",1,2016
"3304",23714,2016-01-29,49.5,-5.3,228264600,2.61888888888889,"trawlers","FRA",1,2016
"3305",23715,2016-01-29,49.5,-5.1,228264600,1.54680555555556,"trawlers","FRA",1,2016
"3306",23716,2016-01-29,49.5,-5.1,227142300,0.521111111111111,"trawlers","FRA",1,2016
"3307",23717,2016-01-29,49.5,-5.3,227142300,4.54680555555556,"trawlers","FRA",1,2016
"3308",23718,2016-01-29,49.5,-5.2,227142300,2.87847222222222,"trawlers","FRA",1,2016
"3309",23719,2016-01-29,49.5,-5.4,227142300,4.18777777777778,"trawlers","FRA",1,2016
"3310",23720,2016-01-29,49.5,-11.4,227385000,6.77541666666667,"fixed_gear","FRA",1,2016
"3311",23721,2016-01-29,49.5,-0.8,227319990,0.354027777777778,"trawlers","FRA",1,2016
"3312",23722,2016-01-29,49.5,-4.8,228216000,6.4475,"trawlers","FRA",1,2016
"3313",23723,2016-01-29,49.5,-4.7,228216000,5.60097222222222,"trawlers","FRA",1,2016
"3314",23724,2016-01-29,49.5,-5.1,227469000,2.91736111111111,"trawlers","FRA",1,2016
"3315",23725,2016-01-29,49.5,-4.8,227469000,1.30944444444444,"trawlers","FRA",1,2016
"3316",23726,2016-01-29,49.5,-4.7,227469000,3.13597222222222,"trawlers","FRA",1,2016
"3317",23727,2016-01-29,49.5,-5,227469000,4.19902777777778,"trawlers","FRA",1,2016
"3318",23728,2016-01-29,49.5,-5.2,227469000,1.84611111111111,"trawlers","FRA",1,2016
"3319",23729,2016-01-29,49.5,-4.9,227469000,2.10166666666667,"trawlers","FRA",1,2016
"3320",23730,2016-01-29,49.5,-0.8,227938000,2.38194444444444,"trawlers","FRA",1,2016
"3321",23731,2016-01-29,49.5,-0.7,227938000,1.30902777777778,"trawlers","FRA",1,2016
"3322",23732,2016-01-29,49.5,-0.6,227938000,1.27388888888889,"trawlers","FRA",1,2016
"3323",23733,2016-01-29,49.5,-0.9,227938000,3.4825,"trawlers","FRA",1,2016
"3324",23734,2016-01-29,49.5,-0.5,227938000,0.517638888888889,"trawlers","FRA",1,2016
"3325",23738,2016-01-29,49.5,-5.8,235005150,1.02375,"fixed_gear","GBR",1,2016
"3326",23739,2016-01-29,49.5,-0.7,227980000,3.21763888888889,"trawlers","FRA",1,2016
"3327",23740,2016-01-29,49.5,-0.8,227980000,1.01833333333333,"trawlers","FRA",1,2016
"3328",23741,2016-01-29,49.5,-0.6,227980000,5.36680555555555,"trawlers","FRA",1,2016
"3329",23742,2016-01-29,49.5,-0.5,227980000,1.30236111111111,"trawlers","FRA",1,2016
"3330",23743,2016-01-29,49.5,-4.6,227468000,6.10305555555555,"trawlers","FRA",1,2016
"3331",23744,2016-01-29,49.5,-4.5,227468000,1.69138888888889,"trawlers","FRA",1,2016
"3332",23745,2016-01-29,49.5,-4.4,228028900,0.551111111111111,"trawlers","FRA",1,2016
"3333",23746,2016-01-29,49.5,-0.8,227553000,0.775555555555555,"trawlers","FRA",1,2016
"3334",23747,2016-01-29,49.5,-0.7,227553000,3.35069444444444,"trawlers","FRA",1,2016
"3335",23748,2016-01-29,49.5,-0.6,227553000,10.3829166666667,"trawlers","FRA",1,2016
"3336",23749,2016-01-29,49.5,-0.5,227553000,2.13361111111111,"trawlers","FRA",1,2016
"3337",23750,2016-01-29,49.5,-0.9,227414000,3.90333333333333,"trawlers","FRA",1,2016
"3338",23751,2016-01-29,49.5,-0.7,227414000,2.49763888888889,"trawlers","FRA",1,2016
"3339",23752,2016-01-29,49.5,-0.8,227414000,4.72430555555556,"trawlers","FRA",1,2016
"3340",23753,2016-01-29,49.5,-0.5,227414000,0.995694444444444,"trawlers","FRA",1,2016
"3341",23754,2016-01-29,49.5,-0.6,227414000,2.48263888888889,"trawlers","FRA",1,2016
"3342",23755,2016-01-29,49.5,-1,227414000,0.261666666666667,"trawlers","FRA",1,2016
"3343",23756,2016-01-29,49.5,-0.9,228239600,0.786805555555556,"trawlers","FRA",1,2016
"3344",23757,2016-01-29,49.5,-0.8,228239600,1.39958333333333,"trawlers","FRA",1,2016
"3345",23758,2016-01-29,75.1,39.7,275444000,3.24111111111111,"fixed_gear","LVA",1,2016
"3346",23759,2016-01-29,75.1,39.4,275444000,3.24916666666667,"fixed_gear","LVA",1,2016
"3347",23760,2016-01-29,75.1,40,275460000,1.63708333333333,"fixed_gear","LVA",1,2016
"3348",23761,2016-01-29,75.1,39.9,275460000,0.865694444444444,"fixed_gear","LVA",1,2016
"3349",23762,2016-01-29,75.1,39.2,275448000,0.878055555555555,"trawlers","LVA",1,2016
"3350",23763,2016-01-29,75.1,39.3,275448000,0.835,"trawlers","LVA",1,2016
"3351",23764,2016-01-29,75.1,39.6,275448000,3.31361111111111,"trawlers","LVA",1,2016
"3352",23765,2016-01-29,75.1,39.2,273336280,3.21791666666667,"fixed_gear","RUS",1,2016
"3353",23766,2016-01-29,75.1,38.9,273336280,1.64,"fixed_gear","RUS",1,2016
"3354",23767,2016-01-29,75.1,39,273336280,0.866527777777777,"fixed_gear","RUS",1,2016
"3355",23768,2016-01-29,75.1,39.4,273336280,1.6375,"fixed_gear","RUS",1,2016
"3356",23769,2016-01-29,75.1,39.1,273336280,1.64180555555556,"fixed_gear","RUS",1,2016
"3357",23806,2016-01-29,49.6,-4.9,228213000,0.821944444444444,"trawlers","FRA",1,2016
"3358",23807,2016-01-29,49.6,-3.8,228033800,0.537638888888889,"trawlers","FRA",1,2016
"3359",23808,2016-01-29,49.6,-4.3,228033800,2.08458333333333,"trawlers","FRA",1,2016
"3360",23809,2016-01-29,49.6,-4,228033800,2.28708333333333,"trawlers","FRA",1,2016
"3361",23810,2016-01-29,49.6,-4.1,228033800,4.07291666666667,"trawlers","FRA",1,2016
"3362",23811,2016-01-29,49.6,-3.9,228033800,1.87638888888889,"trawlers","FRA",1,2016
"3363",23812,2016-01-29,49.6,-4.2,228033800,3.32180555555556,"trawlers","FRA",1,2016
"3364",23813,2016-01-29,49.6,-4.4,228203800,1.12444444444444,"trawlers","FRA",1,2016
"3365",23814,2016-01-29,49.6,-4.3,228203800,1.56777777777778,"trawlers","FRA",1,2016
"3366",23815,2016-01-29,49.6,-0.9,227945000,0.276111111111111,"trawlers","FRA",1,2016
"3367",23816,2016-01-29,49.6,-3.6,228070700,0.255416666666667,"trawlers","FRA",1,2016
"3368",23817,2016-01-29,49.6,-3.7,228070700,1.30125,"trawlers","FRA",1,2016
"3369",23818,2016-01-29,49.6,-5.2,227358000,1.79805555555556,"trawlers","FRA",1,2016
"3370",23819,2016-01-29,49.6,-5.3,227358000,2.34513888888889,"trawlers","FRA",1,2016
"3371",23820,2016-01-29,49.6,-5.4,227358000,1.80819444444444,"trawlers","FRA",1,2016
"3372",23821,2016-01-29,49.6,-5.1,227358000,2.10125,"trawlers","FRA",1,2016
"3373",23822,2016-01-29,49.6,-5,227358000,2.91138888888889,"trawlers","FRA",1,2016
"3374",23823,2016-01-29,49.6,-4.9,227358000,1.83041666666667,"trawlers","FRA",1,2016
"3375",23824,2016-01-29,49.6,-5.5,227358000,1.32152777777778,"trawlers","FRA",1,2016
"3376",23825,2016-01-29,49.6,-2.7,235001140,0.845,"fixed_gear","GBR",1,2016
"3377",23826,2016-01-29,49.6,-4.4,227144500,4.53402777777778,"trawlers","FRA",1,2016
"3378",23827,2016-01-29,49.6,-4.3,227144500,10.7165277777778,"trawlers","FRA",1,2016
"3379",23828,2016-01-29,49.6,-4.2,227144500,4.23222222222222,"trawlers","FRA",1,2016
"3380",23829,2016-01-29,49.6,-3.7,227592000,2.0775,"trawlers","FRA",1,2016
"3381",23830,2016-01-29,49.6,-5.3,235001921,5.53291666666667,"trawlers","GBR",1,2016
"3382",23831,2016-01-29,49.6,-5.4,235001921,8.10694444444444,"trawlers","GBR",1,2016
"3383",23832,2016-01-29,49.6,-5.5,227485000,0.259722222222222,"trawlers","FRA",1,2016
"3384",23833,2016-01-29,49.6,-5.4,227485000,1.55402777777778,"trawlers","FRA",1,2016
"3385",23835,2016-01-29,49.6,-4.1,227143500,3.71041666666667,"trawlers","FRA",1,2016
"3386",23836,2016-01-29,49.6,-4,227143500,1.13819444444444,"trawlers","FRA",1,2016
"3387",23837,2016-01-29,49.6,-4.2,227143500,1.11402777777778,"trawlers","FRA",1,2016
"3388",23838,2016-01-29,49.6,-4.3,227143500,1.42944444444444,"trawlers","FRA",1,2016
"3389",23839,2016-01-29,49.6,-4.2,228316000,2.61305555555556,"trawlers","FRA",1,2016
"3390",23840,2016-01-29,49.6,-4.4,228316000,2.44208333333333,"trawlers","FRA",1,2016
"3391",23841,2016-01-29,49.6,-4.1,228316000,2.32888888888889,"trawlers","FRA",1,2016
"3392",23842,2016-01-29,49.6,-4.3,228316000,3.20458333333333,"trawlers","FRA",1,2016
"3393",23843,2016-01-29,49.6,-4.5,228316000,0.997638888888889,"trawlers","FRA",1,2016
"3394",23844,2016-01-29,49.6,-4.6,227313000,1.99597222222222,"trawlers","FRA",1,2016
"3395",23846,2016-01-29,49.6,-4.1,227558000,0.258333333333333,"trawlers","FRA",1,2016
"3396",23847,2016-01-29,49.6,-4.6,227558000,3.13819444444444,"trawlers","FRA",1,2016
"3397",23848,2016-01-29,49.6,-4.4,227558000,3.91027777777778,"trawlers","FRA",1,2016
"3398",23849,2016-01-29,49.6,-4.3,227558000,2.66125,"trawlers","FRA",1,2016
"3399",23850,2016-01-29,49.6,-4.2,227558000,1.07444444444444,"trawlers","FRA",1,2016
"3400",23851,2016-01-29,49.6,-4.5,227558000,3.13847222222222,"trawlers","FRA",1,2016
"3401",23852,2016-01-29,49.6,-3.1,228326000,4.28305555555556,"trawlers","FRA",1,2016
"3402",23853,2016-01-29,49.6,-3,228326000,1.60444444444444,"trawlers","FRA",1,2016
"3403",23854,2016-01-29,49.6,-4,228039800,10.9531944444444,"trawlers","FRA",1,2016
"3404",23855,2016-01-29,49.6,-3.9,228039800,8.25305555555556,"trawlers","FRA",1,2016
"3405",23856,2016-01-29,49.6,-4.8,228264600,0.562083333333333,"trawlers","FRA",1,2016
"3406",23857,2016-01-29,49.6,-4.9,228264600,1.04319444444444,"trawlers","FRA",1,2016
"3407",23858,2016-01-29,49.6,-5.4,228264600,1.83569444444444,"trawlers","FRA",1,2016
"3408",23859,2016-01-29,49.6,-5.3,228264600,4.16388888888889,"trawlers","FRA",1,2016
"3409",23860,2016-01-29,49.6,-5.2,228264600,3.66402777777778,"trawlers","FRA",1,2016
"3410",23861,2016-01-29,49.6,-5,227142300,1.05069444444444,"trawlers","FRA",1,2016
"3411",23862,2016-01-29,49.6,-5.3,227142300,1.02791666666667,"trawlers","FRA",1,2016
"3412",23863,2016-01-29,49.6,-5.4,227142300,1.02152777777778,"trawlers","FRA",1,2016
"3413",23864,2016-01-29,49.6,-5.2,227142300,1.67347222222222,"trawlers","FRA",1,2016
"3414",23865,2016-01-29,49.6,-5.1,227142300,2.37555555555556,"trawlers","FRA",1,2016
"3415",23866,2016-01-29,49.6,-3.8,235002800,1.67819444444444,"trawlers","GBR",1,2016
"3416",23867,2016-01-29,49.6,-0.8,227319990,3.98097222222222,"trawlers","FRA",1,2016
"3417",23868,2016-01-29,49.6,-0.9,227319990,0.673888888888889,"trawlers","FRA",1,2016
"3418",23869,2016-01-29,49.6,-4.8,228216000,1.51,"trawlers","FRA",1,2016
"3419",23870,2016-01-29,49.6,-4.6,228216000,7.67833333333333,"trawlers","FRA",1,2016
"3420",23871,2016-01-29,49.6,-4.7,228216000,2.69194444444444,"trawlers","FRA",1,2016
"3421",23872,2016-01-29,49.6,-4.9,227469000,3.35902777777778,"trawlers","FRA",1,2016
"3422",23873,2016-01-29,49.6,-5.1,227469000,0.512222222222222,"trawlers","FRA",1,2016
"3423",23874,2016-01-29,49.6,-5,227469000,1.37416666666667,"trawlers","FRA",1,2016
"3424",23875,2016-01-29,49.6,-4.8,227469000,2.58791666666667,"trawlers","FRA",1,2016
"3425",23876,2016-01-29,49.6,-3.1,227146700,0.831666666666667,"trawlers","FRA",1,2016
"3426",23877,2016-01-29,49.6,-1,227938000,1.09611111111111,"trawlers","FRA",1,2016
"3427",23878,2016-01-29,49.6,-0.9,227938000,3.70486111111111,"trawlers","FRA",1,2016
"3428",23880,2016-01-29,49.6,-4.2,228148700,3.67402777777778,"trawlers","FRA",1,2016
"3429",23881,2016-01-29,49.6,-4.3,228148700,2.66680555555556,"trawlers","FRA",1,2016
"3430",23882,2016-01-29,49.6,-4.1,228148700,0.512777777777778,"trawlers","FRA",1,2016
"3431",23883,2016-01-29,49.6,-0.6,227980000,3.85388888888889,"trawlers","FRA",1,2016
"3432",23884,2016-01-29,49.6,-0.7,227980000,3.63472222222222,"trawlers","FRA",1,2016
"3433",23885,2016-01-29,49.6,-4.4,227468000,2.41097222222222,"trawlers","FRA",1,2016
"3434",23886,2016-01-29,49.6,-4.3,227468000,6.48013888888889,"trawlers","FRA",1,2016
"3435",23887,2016-01-29,49.6,-4.2,227468000,4.23236111111111,"trawlers","FRA",1,2016
"3436",23888,2016-01-29,49.6,-4.5,227468000,0.618472222222222,"trawlers","FRA",1,2016
"3437",23889,2016-01-29,49.6,-4.1,227468000,0.514027777777778,"trawlers","FRA",1,2016
"3438",23890,2016-01-29,49.6,-4.4,228028900,0.531666666666667,"trawlers","FRA",1,2016
"3439",23891,2016-01-29,49.6,-4.2,228028900,1.57666666666667,"trawlers","FRA",1,2016
"3440",23892,2016-01-29,49.6,-4.1,228028900,0.521944444444444,"trawlers","FRA",1,2016
"3441",23893,2016-01-29,49.6,-4.3,228028900,1.07666666666667,"trawlers","FRA",1,2016
"3442",23894,2016-01-29,49.6,-0.9,227414000,1.32944444444444,"trawlers","FRA",1,2016
"3443",23895,2016-01-29,49.6,-4,228004600,0.898472222222222,"trawlers","FRA",1,2016
"3444",23896,2016-01-29,49.6,-4.2,228004600,0.182777777777778,"trawlers","FRA",1,2016
"3445",23897,2016-01-29,49.6,-4.1,228004600,2.75277777777778,"trawlers","FRA",1,2016
"3446",23898,2016-01-29,75.2,38.9,275460000,1.62625,"fixed_gear","LVA",1,2016
"3447",23899,2016-01-29,75.2,40.1,275460000,1.58638888888889,"fixed_gear","LVA",1,2016
"3448",23900,2016-01-29,75.2,39,275460000,4.94208333333333,"fixed_gear","LVA",1,2016
"3449",23901,2016-01-29,75.2,39.8,275448000,4.59236111111111,"trawlers","LVA",1,2016
"3450",23902,2016-01-29,75.2,39.7,275448000,4.37180555555555,"trawlers","LVA",1,2016
"3451",23903,2016-01-29,75.2,39.3,273336280,0.835972222222222,"fixed_gear","RUS",1,2016
"3452",23904,2016-01-29,75.2,39.1,273336280,1.63888888888889,"fixed_gear","RUS",1,2016
"3453",23905,2016-01-29,75.2,39.2,273336280,1.64013888888889,"fixed_gear","RUS",1,2016
"3454",23906,2016-01-29,75.2,39.4,273336280,1.61166666666667,"fixed_gear","RUS",1,2016
"3455",23982,2016-01-29,49.7,-3,235090189,0.323472222222222,"trawlers","GBR",1,2016
"3456",23983,2016-01-29,49.7,-3.1,235090189,1.94291666666667,"trawlers","GBR",1,2016
"3457",23984,2016-01-29,49.7,-0.4,244938000,0.179583333333333,"trawlers","NLD",1,2016
"3458",23985,2016-01-29,49.7,-0.7,244938000,8.84736111111111,"trawlers","NLD",1,2016
"3459",23986,2016-01-29,49.7,-0.6,244938000,1.29888888888889,"trawlers","NLD",1,2016
"3460",23987,2016-01-29,49.7,-0.8,244938000,6.50027777777778,"trawlers","NLD",1,2016
"3461",23988,2016-01-29,49.7,-0.5,244938000,1.27875,"trawlers","NLD",1,2016
"3462",23989,2016-01-29,49.7,-3.7,235061272,0.512777777777778,"trawlers","GBR",1,2016
"3463",23990,2016-01-29,49.7,-3.8,235061272,2.06458333333333,"trawlers","GBR",1,2016
"3464",23991,2016-01-29,49.7,-4,235061272,2.91513888888889,"trawlers","GBR",1,2016
"3465",23992,2016-01-29,49.7,-3.9,235061272,1.80791666666667,"trawlers","GBR",1,2016
"3466",23993,2016-01-29,49.7,-3.5,228329000,0.808055555555556,"trawlers","FRA",1,2016
"3467",23994,2016-01-29,49.7,-3.6,228329000,3.11805555555556,"trawlers","FRA",1,2016
"3468",23995,2016-01-29,49.7,-3.4,228329000,0.268333333333333,"trawlers","FRA",1,2016
"3469",23996,2016-01-29,49.7,-3.8,228329000,3.6275,"trawlers","FRA",1,2016
"3470",23997,2016-01-29,49.7,-3.7,228329000,5.32861111111111,"trawlers","FRA",1,2016
"3471",23998,2016-01-29,49.7,-3.6,228070700,4.98111111111111,"trawlers","FRA",1,2016
"3472",23999,2016-01-29,49.7,-3.7,228070700,4.6975,"trawlers","FRA",1,2016
"3473",24000,2016-01-29,49.7,-3.8,228070700,0.774861111111111,"trawlers","FRA",1,2016
"3474",24001,2016-01-29,49.7,-3.6,227592000,6.11194444444444,"trawlers","FRA",1,2016
"3475",24002,2016-01-29,49.7,-3.5,227592000,4.63236111111111,"trawlers","FRA",1,2016
"3476",24003,2016-01-29,49.7,-3.7,227592000,1.41472222222222,"trawlers","FRA",1,2016
"3477",24004,2016-01-29,49.7,-0.7,205192000,2.21375,"trawlers","BEL",1,2016
"3478",24005,2016-01-29,49.7,-0.5,205192000,0.779027777777778,"trawlers","BEL",1,2016
"3479",24006,2016-01-29,49.7,-5.4,235001921,3.9325,"trawlers","GBR",1,2016
"3480",24007,2016-01-29,49.7,-3.8,227143500,1.91972222222222,"trawlers","FRA",1,2016
"3481",24008,2016-01-29,49.7,-4,227143500,2.13638888888889,"trawlers","FRA",1,2016
"3482",24009,2016-01-29,49.7,-3.9,227143500,3.70333333333333,"trawlers","FRA",1,2016
"3483",24010,2016-01-29,49.7,-11.2,227378000,10.9230555555556,"fixed_gear","FRA",1,2016
"3484",24011,2016-01-29,49.7,-0.4,205170000,0.695833333333333,"trawlers","BEL",1,2016
"3485",24012,2016-01-29,49.7,-3.3,257536600,0.808888888888889,"trawlers","NOR",1,2016
"3486",24013,2016-01-29,49.7,-4.1,228316000,0.59625,"trawlers","FRA",1,2016
"3487",24014,2016-01-29,49.7,-4.6,228316000,1.10277777777778,"trawlers","FRA",1,2016
"3488",24015,2016-01-29,49.7,-4.7,228316000,0.528472222222222,"trawlers","FRA",1,2016
"3489",24019,2016-01-29,49.7,-4.2,227558000,1.27361111111111,"trawlers","FRA",1,2016
"3490",24020,2016-01-29,49.7,-4.1,227558000,1.09361111111111,"trawlers","FRA",1,2016
"3491",24021,2016-01-29,49.7,-2.7,228326000,0.825555555555556,"trawlers","FRA",1,2016
"3492",24022,2016-01-29,49.7,-3.1,228326000,2.27111111111111,"trawlers","FRA",1,2016
"3493",24023,2016-01-29,49.7,-2.8,228326000,3.48652777777778,"trawlers","FRA",1,2016
"3494",24024,2016-01-29,49.7,-2.9,228326000,4.16375,"trawlers","FRA",1,2016
"3495",24025,2016-01-29,49.7,-3,228326000,3.61083333333333,"trawlers","FRA",1,2016
"3496",24026,2016-01-29,49.7,-1.5,227931000,0.260555555555556,"trawlers","FRA",1,2016
"3497",24027,2016-01-29,49.7,-1.6,227931000,3.79166666666667,"trawlers","FRA",1,2016
"3498",24028,2016-01-29,49.7,-5.1,228264600,2.63902777777778,"trawlers","FRA",1,2016
"3499",24029,2016-01-29,49.7,-5.2,228264600,1.3,"trawlers","FRA",1,2016
"3500",24030,2016-01-29,49.7,-1.6,227599000,2.59208333333333,"trawlers","FRA",1,2016
"3501",24031,2016-01-29,49.7,-11.2,227385000,2.66,"fixed_gear","FRA",1,2016
"3502",24032,2016-01-29,49.7,-11.3,227385000,9.84555555555556,"fixed_gear","FRA",1,2016
"3503",24033,2016-01-29,49.7,-2.9,227822000,0.400416666666667,"trawlers","FRA",1,2016
"3504",24034,2016-01-29,49.7,-3,227822000,0.648611111111111,"trawlers","FRA",1,2016
"3505",24035,2016-01-29,49.7,-3.8,235002800,1.73527777777778,"trawlers","GBR",1,2016
"3506",24036,2016-01-29,49.7,-3.5,235002800,0.8075,"trawlers","GBR",1,2016
"3507",24037,2016-01-29,49.7,-3.9,235002800,3.6425,"trawlers","GBR",1,2016
"3508",24038,2016-01-29,49.7,-3.7,235002800,2.65277777777778,"trawlers","GBR",1,2016
"3509",24039,2016-01-29,49.7,-3.6,235002800,3.21458333333333,"trawlers","GBR",1,2016
"3510",24040,2016-01-29,49.7,-3.2,232007350,0.808333333333333,"trawlers","GBR",1,2016
"3511",24041,2016-01-29,49.7,-0.8,227136700,5.0625,"fixed_gear","FRA",1,2016
"3512",24042,2016-01-29,49.7,-0.9,227136700,1.16166666666667,"fixed_gear","FRA",1,2016
"3513",24043,2016-01-29,49.7,-2.9,227146700,6.07611111111111,"trawlers","FRA",1,2016
"3514",24044,2016-01-29,49.7,-3,227146700,7.12194444444444,"trawlers","FRA",1,2016
"3515",24045,2016-01-29,49.7,-3.1,227146700,4.93625,"trawlers","FRA",1,2016
"3516",24046,2016-01-29,49.7,-4.2,227511000,1.2525,"trawlers","FRA",1,2016
"3517",24047,2016-01-29,49.7,-5.7,232005850,0.782638888888889,"trawlers","GBR",1,2016
"3518",24048,2016-01-29,49.7,-5.5,232005850,0.252916666666667,"trawlers","GBR",1,2016
"3519",24049,2016-01-29,49.7,-5.6,232005850,1.27013888888889,"trawlers","GBR",1,2016
"3520",24050,2016-01-29,49.7,-3.9,228148700,0.266666666666667,"trawlers","FRA",1,2016
"3521",24051,2016-01-29,49.7,-4.1,228148700,4.20638888888889,"trawlers","FRA",1,2016
"3522",24052,2016-01-29,49.7,-4,228148700,3.96666666666667,"trawlers","FRA",1,2016
"3523",24053,2016-01-29,49.7,-0.7,227980000,0.794583333333333,"trawlers","FRA",1,2016
"3524",24054,2016-01-29,49.7,-0.6,227980000,2.07569444444444,"trawlers","FRA",1,2016
"3525",24055,2016-01-29,49.7,-4.1,228028900,1.03888888888889,"trawlers","FRA",1,2016
"3526",24056,2016-01-29,49.7,-3.7,235008741,5.72041666666667,"trawlers","GBR",1,2016
"3527",24057,2016-01-29,49.7,-3.8,228004600,1.58625,"trawlers","FRA",1,2016
"3528",24058,2016-01-29,49.7,-3.9,228004600,1.38722222222222,"trawlers","FRA",1,2016
"3529",24059,2016-01-29,49.7,-4.1,228004600,4.11875,"trawlers","FRA",1,2016
"3530",24060,2016-01-29,49.7,-4,228004600,1.08791666666667,"trawlers","FRA",1,2016
"3531",24061,2016-01-29,75.3,38.6,275460000,1.61361111111111,"fixed_gear","LVA",1,2016
"3532",24062,2016-01-29,75.3,38.1,275460000,0.849861111111111,"fixed_gear","LVA",1,2016
"3533",24063,2016-01-29,75.3,38.2,275460000,2.46541666666667,"fixed_gear","LVA",1,2016
"3534",24064,2016-01-29,75.3,38.9,275448000,0.650416666666667,"trawlers","LVA",1,2016
"3535",24065,2016-01-29,75.3,38.6,275448000,0.65375,"trawlers","LVA",1,2016
"3536",24155,2016-01-29,49.8,-3.4,235090189,2.58930555555556,"trawlers","GBR",1,2016
"3537",24156,2016-01-29,49.8,-3.2,235090189,3.36486111111111,"trawlers","GBR",1,2016
"3538",24157,2016-01-29,49.8,-3.5,235090189,1.30625,"trawlers","GBR",1,2016
"3539",24158,2016-01-29,49.8,-3.3,235090189,2.06666666666667,"trawlers","GBR",1,2016
"3540",24159,2016-01-29,49.8,-3.1,235090189,6.76694444444444,"trawlers","GBR",1,2016
"3541",24160,2016-01-29,49.8,-3,235090189,1.65805555555556,"trawlers","GBR",1,2016
"3542",24161,2016-01-29,49.8,-11.2,224010000,4.78375,"fixed_gear","ESP",1,2016
"3543",24162,2016-01-29,49.8,-0.5,244938000,1.84569444444444,"trawlers","NLD",1,2016
"3544",24163,2016-01-29,49.8,-0.6,244938000,0.512361111111111,"trawlers","NLD",1,2016
"3545",24164,2016-01-29,49.8,-0.7,244938000,0.772222222222222,"trawlers","NLD",1,2016
"3546",24165,2016-01-29,49.8,-0.8,244938000,0.515694444444444,"trawlers","NLD",1,2016
"3547",24166,2016-01-29,49.8,-3.6,235061272,2.44111111111111,"trawlers","GBR",1,2016
"3548",24167,2016-01-29,49.8,-3.7,235061272,1.68444444444444,"trawlers","GBR",1,2016
"3549",24168,2016-01-29,49.8,-3.5,235061272,0.258333333333333,"trawlers","GBR",1,2016
"3550",24169,2016-01-29,49.8,-3.5,228329000,7.66277777777778,"trawlers","FRA",1,2016
"3551",24170,2016-01-29,49.8,-3.7,228329000,0.255138888888889,"trawlers","FRA",1,2016
"3552",24171,2016-01-29,49.8,-3.4,228329000,0.773888888888889,"trawlers","FRA",1,2016
"3553",24172,2016-01-29,49.8,-3.6,228329000,2.37888888888889,"trawlers","FRA",1,2016
"3554",24173,2016-01-29,49.8,-3.2,235000360,4.75722222222222,"trawlers","GBR",1,2016
"3555",24174,2016-01-29,49.8,-3.1,235000360,0.513333333333333,"trawlers","GBR",1,2016
"3556",24175,2016-01-29,49.8,-3.3,235000360,5.84444444444444,"trawlers","GBR",1,2016
"3557",24176,2016-01-29,49.8,-3.5,228070700,3.36555555555555,"trawlers","FRA",1,2016
"3558",24177,2016-01-29,49.8,-3.6,228070700,0.78875,"trawlers","FRA",1,2016
"3559",24178,2016-01-29,49.8,-3.4,228070700,2.07458333333333,"trawlers","FRA",1,2016
"3560",24179,2016-01-29,49.8,-3.3,228070700,1.40736111111111,"trawlers","FRA",1,2016
"3561",24180,2016-01-29,49.8,-0.6,205246000,0.597222222222222,"trawlers","BEL",1,2016
"3562",24181,2016-01-29,49.8,-3.6,227592000,1.30722222222222,"trawlers","FRA",1,2016
"3563",24182,2016-01-29,49.8,-3.5,227592000,4.94861111111111,"trawlers","FRA",1,2016
"3564",24183,2016-01-29,49.8,-3.4,227592000,2.14652777777778,"trawlers","FRA",1,2016
"3565",24184,2016-01-29,49.8,-0.7,205192000,1.91375,"trawlers","BEL",1,2016
"3566",24185,2016-01-29,49.8,-0.4,205192000,6.64236111111111,"trawlers","BEL",1,2016
"3567",24186,2016-01-29,49.8,-0.5,205192000,4.08152777777778,"trawlers","BEL",1,2016
"3568",24187,2016-01-29,49.8,-0.6,205192000,2.68111111111111,"trawlers","BEL",1,2016
"3569",24188,2016-01-29,49.8,-11.1,227378000,11.0665277777778,"fixed_gear","FRA",1,2016
"3570",24189,2016-01-29,49.8,-0.5,205170000,1.1875,"trawlers","BEL",1,2016
"3571",24190,2016-01-29,49.8,-0.4,205106000,7.09888888888889,"trawlers","BEL",1,2016
"3572",24191,2016-01-29,49.8,-0.3,205106000,0.604722222222222,"trawlers","BEL",1,2016
"3573",24192,2016-01-29,49.8,-3.1,257536600,1.25333333333333,"trawlers","NOR",1,2016
"3574",24193,2016-01-29,49.8,-3.2,257536600,2.10027777777778,"trawlers","NOR",1,2016
"3575",24194,2016-01-29,49.8,-3.8,228316000,0.552222222222222,"trawlers","FRA",1,2016
"3576",24195,2016-01-29,49.8,-3,228326000,1.35680555555556,"trawlers","FRA",1,2016
"3577",24196,2016-01-29,49.8,-3.1,228326000,0.442361111111111,"trawlers","FRA",1,2016
"3578",24197,2016-01-29,49.8,-2.9,228326000,0.182638888888889,"trawlers","FRA",1,2016
"3579",24198,2016-01-29,49.8,-2.8,228326000,0.799027777777778,"trawlers","FRA",1,2016
"3580",24199,2016-01-29,49.8,-11.2,227385000,1.33027777777778,"fixed_gear","FRA",1,2016
"3581",24200,2016-01-29,49.8,-11.1,227385000,5.775,"fixed_gear","FRA",1,2016
"3582",24201,2016-01-29,49.8,-3,227822000,2.26680555555556,"trawlers","FRA",1,2016
"3583",24202,2016-01-29,49.8,-3.5,235002800,4.31319444444444,"trawlers","GBR",1,2016
"3584",24203,2016-01-29,49.8,-3.7,235002800,1.38625,"trawlers","GBR",1,2016
"3585",24204,2016-01-29,49.8,-3.6,235002800,4.06208333333333,"trawlers","GBR",1,2016
"3586",24205,2016-01-29,49.8,-3.9,235002800,0.525,"trawlers","GBR",1,2016
"3587",24206,2016-01-29,49.8,-3.1,232007350,5.21875,"trawlers","GBR",1,2016
"3588",24207,2016-01-29,49.8,-3.2,232007350,1.57583333333333,"trawlers","GBR",1,2016
"3589",24208,2016-01-29,49.8,-3.3,232007350,2.32861111111111,"trawlers","GBR",1,2016
"3590",24209,2016-01-29,49.8,-3,232007350,5.92694444444444,"trawlers","GBR",1,2016
"3591",24210,2016-01-29,49.8,-3.4,232007350,1.50333333333333,"trawlers","GBR",1,2016
"3592",24211,2016-01-29,49.8,-2.9,228323000,0.150833333333333,"trawlers","FRA",1,2016
"3593",24212,2016-01-29,49.8,-3.6,228323000,1.58708333333333,"trawlers","FRA",1,2016
"3594",24213,2016-01-29,49.8,-3,228323000,0.824861111111111,"trawlers","FRA",1,2016
"3595",24214,2016-01-29,49.8,-3.1,228323000,0.636805555555556,"trawlers","FRA",1,2016
"3596",24215,2016-01-29,49.8,-3.7,228323000,1.28875,"trawlers","FRA",1,2016
"3597",24216,2016-01-29,49.8,-3.4,228323000,0.793194444444444,"trawlers","FRA",1,2016
"3598",24217,2016-01-29,49.8,-4,228323000,0.266111111111111,"trawlers","FRA",1,2016
"3599",24218,2016-01-29,49.8,-3.9,228323000,2.60277777777778,"trawlers","FRA",1,2016
"3600",24219,2016-01-29,49.8,-3.5,228323000,1.83055555555556,"trawlers","FRA",1,2016
"3601",24220,2016-01-29,49.8,-3.8,228323000,1.31722222222222,"trawlers","FRA",1,2016
"3602",24221,2016-01-29,49.8,-3.3,228323000,0.806111111111111,"trawlers","FRA",1,2016
"3603",24222,2016-01-29,49.8,-3.2,228323000,0.932638888888889,"trawlers","FRA",1,2016
"3604",24223,2016-01-29,49.8,-3.9,227533000,0.272777777777778,"trawlers","FRA",1,2016
"3605",24224,2016-01-29,49.8,-3.4,227533000,2.10041666666667,"trawlers","FRA",1,2016
"3606",24225,2016-01-29,49.8,-3.8,227533000,1.84972222222222,"trawlers","FRA",1,2016
"3607",24226,2016-01-29,49.8,-3.3,227533000,0.548333333333333,"trawlers","FRA",1,2016
"3608",24227,2016-01-29,49.8,-3.5,227533000,2.40569444444444,"trawlers","FRA",1,2016
"3609",24228,2016-01-29,49.8,-3.7,227533000,1.31722222222222,"trawlers","FRA",1,2016
"3610",24229,2016-01-29,49.8,-3.6,227533000,1.63,"trawlers","FRA",1,2016
"3611",24230,2016-01-29,49.8,-3.2,227533000,0.408888888888889,"trawlers","FRA",1,2016
"3612",24231,2016-01-29,49.8,-3,227146700,1.13055555555556,"trawlers","FRA",1,2016
"3613",24232,2016-01-29,49.8,-3.1,227146700,0.662361111111111,"trawlers","FRA",1,2016
"3614",24235,2016-01-29,49.8,-11.1,224011990,4.58722222222222,"fixed_gear","ESP",1,2016
"3615",24236,2016-01-29,49.8,-4.3,227511000,1.66388888888889,"trawlers","FRA",1,2016
"3616",24237,2016-01-29,49.8,-4.2,227511000,1.16777777777778,"trawlers","FRA",1,2016
"3617",24238,2016-01-29,49.8,-4.4,228148700,0.789722222222222,"trawlers","FRA",1,2016
"3618",24239,2016-01-29,49.8,-4.3,228148700,1.84736111111111,"trawlers","FRA",1,2016
"3619",24240,2016-01-29,49.8,-4.2,228148700,1.05805555555556,"trawlers","FRA",1,2016
"3620",24241,2016-01-29,49.8,-3.6,235008741,2.60625,"trawlers","GBR",1,2016
"3621",24242,2016-01-29,49.8,-3.7,235008741,1.80291666666667,"trawlers","GBR",1,2016
"3622",24243,2016-01-29,49.8,-3.5,235008741,1.55138888888889,"trawlers","GBR",1,2016
"3623",24244,2016-01-29,49.8,-3.8,235008741,0.257222222222222,"trawlers","GBR",1,2016
"3624",24245,2016-01-29,49.8,-3.4,235008741,1.11805555555556,"trawlers","GBR",1,2016
"3625",24246,2016-01-29,49.8,-0.5,205153000,0.955833333333333,"trawlers","BEL",1,2016
"3626",24247,2016-01-29,49.8,-0.4,205153000,1.45541666666667,"trawlers","BEL",1,2016
"3627",24248,2016-01-29,49.8,-11.1,227209970,5.32097222222222,"fixed_gear","FRA",1,2016
"3628",24249,2016-01-29,49.8,-3.7,228004600,0.769583333333333,"trawlers","FRA",1,2016
"3629",24250,2016-01-29,49.8,-4.3,232005630,0.255555555555556,"trawlers","GBR",1,2016
"3630",24251,2016-01-29,49.8,-4.1,232005630,2.07694444444444,"trawlers","GBR",1,2016
"3631",24252,2016-01-29,49.8,-4.2,232005630,3.2725,"trawlers","GBR",1,2016
"3632",24253,2016-01-29,49.8,-4,232005630,1.82930555555556,"trawlers","GBR",1,2016
"3633",24254,2016-01-29,75.4,40.2,273892110,3.25708333333333,"trawlers","RUS",1,2016
"3634",24255,2016-01-29,75.4,38.7,275448000,3.24458333333333,"trawlers","LVA",1,2016
"3635",24256,2016-01-29,75.4,38.6,275448000,0.71875,"trawlers","LVA",1,2016
"3636",24354,2016-01-29,49.9,-3,235090189,3.31208333333333,"trawlers","GBR",1,2016
"3637",24355,2016-01-29,49.9,-3.5,235090189,0.268333333333333,"trawlers","GBR",1,2016
"3638",24356,2016-01-29,49.9,-2.9,235090189,0.258888888888889,"trawlers","GBR",1,2016
"3639",24357,2016-01-29,49.9,-11.1,224010000,5.44472222222222,"fixed_gear","ESP",1,2016
"3640",24358,2016-01-29,49.9,-3.5,235005457,0.527083333333333,"trawlers","GBR",1,2016
"3641",24359,2016-01-29,49.9,-3.5,235061272,1.80555555555556,"trawlers","GBR",1,2016
"3642",24360,2016-01-29,49.9,-3.4,235061272,0.259444444444444,"trawlers","GBR",1,2016
"3643",24361,2016-01-29,49.9,-3,235010340,1.45972222222222,"trawlers","GBR",1,2016
"3644",24362,2016-01-29,49.9,-3.4,235010340,0.275,"trawlers","GBR",1,2016
"3645",24363,2016-01-29,49.9,-3.3,235010340,3.24444444444444,"trawlers","GBR",1,2016
"3646",24364,2016-01-29,49.9,-3.2,235010340,2.55277777777778,"trawlers","GBR",1,2016
"3647",24365,2016-01-29,49.9,-3.1,235010340,5.77152777777778,"trawlers","GBR",1,2016
"3648",24366,2016-01-29,49.9,-0.4,205289000,1.3725,"trawlers","BEL",1,2016
"3649",24367,2016-01-29,49.9,-3.2,235000360,2.31138888888889,"trawlers","GBR",1,2016
"3650",24368,2016-01-29,49.9,-3,235000360,1.91875,"trawlers","GBR",1,2016
"3651",24369,2016-01-29,49.9,-3.1,235000360,5.89791666666667,"trawlers","GBR",1,2016
"3652",24370,2016-01-29,49.9,-3.3,228070700,0.408055555555556,"trawlers","FRA",1,2016
"3653",24371,2016-01-29,49.9,-3.4,227592000,1.57666666666667,"trawlers","FRA",1,2016
"3654",24372,2016-01-29,49.9,-0.6,205192000,5.05833333333333,"trawlers","BEL",1,2016
"3655",24373,2016-01-29,49.9,-0.4,205192000,2.28597222222222,"trawlers","BEL",1,2016
"3656",24374,2016-01-29,49.9,-0.5,205192000,1.73861111111111,"trawlers","BEL",1,2016
"3657",24375,2016-01-29,49.9,-4.3,227143500,1.85375,"trawlers","FRA",1,2016
"3658",24376,2016-01-29,49.9,-4.2,227143500,1.05736111111111,"trawlers","FRA",1,2016
"3659",24377,2016-01-29,49.9,-4.4,227143500,1.63972222222222,"trawlers","FRA",1,2016
"3660",24378,2016-01-29,49.9,-0.6,205170000,7.00388888888889,"trawlers","BEL",1,2016
"3661",24379,2016-01-29,49.9,-0.3,205106000,2.09513888888889,"trawlers","BEL",1,2016
"3662",24380,2016-01-29,49.9,-0.4,205106000,2.49611111111111,"trawlers","BEL",1,2016
"3663",24381,2016-01-29,49.9,-2.8,257536600,0.151111111111111,"trawlers","NOR",1,2016
"3664",24382,2016-01-29,49.9,-3.1,257536600,0.266805555555556,"trawlers","NOR",1,2016
"3665",24383,2016-01-29,49.9,-2.9,257536600,0.357916666666667,"trawlers","NOR",1,2016
"3666",24384,2016-01-29,49.9,-3,257536600,1.28402777777778,"trawlers","NOR",1,2016
"3667",24385,2016-01-29,49.9,-3.6,235007070,0.257916666666667,"trawlers","GBR",1,2016
"3668",24386,2016-01-29,49.9,-3.5,235007070,0.258472222222222,"trawlers","GBR",1,2016
"3669",24387,2016-01-29,49.9,-2.9,228326000,1.02347222222222,"trawlers","FRA",1,2016
"3670",24389,2016-01-29,49.9,-11.1,225381000,12.0241666666667,"fixed_gear","ESP",1,2016
"3671",24390,2016-01-29,49.9,-0.4,205306000,0.546388888888889,"trawlers","BEL",1,2016
"3672",24391,2016-01-29,49.9,-0.3,205306000,1.79347222222222,"trawlers","BEL",1,2016
"3673",24392,2016-01-29,49.9,-3.1,235088807,4.77569444444444,"trawlers","GBR",1,2016
"3674",24393,2016-01-29,49.9,-3.2,235088807,3.11541666666667,"trawlers","GBR",1,2016
"3675",24394,2016-01-29,49.9,-2.9,235088807,1.12347222222222,"trawlers","GBR",1,2016
"3676",24395,2016-01-29,49.9,-3,235088807,13.4497222222222,"trawlers","GBR",1,2016
"3677",24396,2016-01-29,49.9,-3.2,227822000,3.60180555555556,"trawlers","FRA",1,2016
"3678",24397,2016-01-29,49.9,-3.1,227822000,2.46888888888889,"trawlers","FRA",1,2016
"3679",24398,2016-01-29,49.9,-3,227822000,2.91833333333333,"trawlers","FRA",1,2016
"3680",24399,2016-01-29,49.9,-3.3,227822000,0.274444444444444,"trawlers","FRA",1,2016
"3681",24400,2016-01-29,49.9,-3.2,235060915,1.29736111111111,"trawlers","GBR",1,2016
"3682",24401,2016-01-29,49.9,-3.3,235060915,1.83194444444444,"trawlers","GBR",1,2016
"3683",24402,2016-01-29,49.9,-3,235060915,1.57277777777778,"trawlers","GBR",1,2016
"3684",24403,2016-01-29,49.9,-3.4,235060915,0.271805555555556,"trawlers","GBR",1,2016
"3685",24404,2016-01-29,49.9,-3.1,235060915,1.39166666666667,"trawlers","GBR",1,2016
"3686",24405,2016-01-29,49.9,-3,232007350,2.39875,"trawlers","GBR",1,2016
"3687",24406,2016-01-29,49.9,-2.9,232007350,1.28027777777778,"trawlers","GBR",1,2016
"3688",24407,2016-01-29,49.9,-4,228323000,1.09694444444444,"trawlers","FRA",1,2016
"3689",24408,2016-01-29,49.9,-2.9,228323000,0.556805555555556,"trawlers","FRA",1,2016
"3690",24409,2016-01-29,49.9,-2.8,228323000,0.567916666666667,"trawlers","FRA",1,2016
"3691",24410,2016-01-29,49.9,-4.1,227533000,1.30680555555556,"trawlers","FRA",1,2016
"3692",24411,2016-01-29,49.9,-4,227533000,2.38722222222222,"trawlers","FRA",1,2016
"3693",24412,2016-01-29,49.9,-3.9,227533000,1.83791666666667,"trawlers","FRA",1,2016
"3694",24413,2016-01-29,49.9,-2.8,227146700,0.799722222222222,"trawlers","FRA",1,2016
"3695",24414,2016-01-29,49.9,-2.9,227146700,1.26736111111111,"trawlers","FRA",1,2016
"3696",24415,2016-01-29,49.9,-3,227146700,0.550277777777778,"trawlers","FRA",1,2016
"3697",24416,2016-01-29,49.9,-11.1,224610000,4.785,"fixed_gear","ESP",1,2016
"3698",24417,2016-01-29,49.9,-11.2,224011990,3.82055555555556,"fixed_gear","ESP",1,2016
"3699",24418,2016-01-29,49.9,-11.1,224011990,3.02611111111111,"fixed_gear","ESP",1,2016
"3700",24419,2016-01-29,49.9,-4.5,227511000,2.28819444444444,"trawlers","FRA",1,2016
"3701",24420,2016-01-29,49.9,-4.3,227511000,0.444722222222222,"trawlers","FRA",1,2016
"3702",24421,2016-01-29,49.9,-4.4,227511000,2.33166666666667,"trawlers","FRA",1,2016
"3703",24422,2016-01-29,49.9,-4.5,228148700,0.262361111111111,"trawlers","FRA",1,2016
"3704",24423,2016-01-29,49.9,-4.4,228148700,2.13138888888889,"trawlers","FRA",1,2016
"3705",24424,2016-01-29,49.9,-11.1,224268000,8.48305555555556,"fixed_gear","ESP",1,2016
"3706",24425,2016-01-29,49.9,-3.5,235008741,3.53347222222222,"trawlers","GBR",1,2016
"3707",24426,2016-01-29,49.9,-3.4,235008741,1.79902777777778,"trawlers","GBR",1,2016
"3708",24427,2016-01-29,49.9,-3.6,235008741,0.52,"trawlers","GBR",1,2016
"3709",24428,2016-01-29,49.9,-0.4,205153000,3.88097222222222,"trawlers","BEL",1,2016
"3710",24429,2016-01-29,49.9,-0.6,205153000,7.65666666666667,"trawlers","BEL",1,2016
"3711",24430,2016-01-29,49.9,-3.9,232005610,2.59652777777778,"trawlers","GBR",1,2016
"3712",24431,2016-01-29,49.9,-4.4,232005610,2.29694444444444,"trawlers","GBR",1,2016
"3713",24432,2016-01-29,49.9,-3.8,232005610,1.28458333333333,"trawlers","GBR",1,2016
"3714",24433,2016-01-29,49.9,-4.3,232005610,3.59902777777778,"trawlers","GBR",1,2016
"3715",24434,2016-01-29,49.9,-4.2,232005610,2.6,"trawlers","GBR",1,2016
"3716",24435,2016-01-29,49.9,-4.1,232005610,5.65277777777778,"trawlers","GBR",1,2016
"3717",24436,2016-01-29,49.9,-4,232005610,3.88611111111111,"trawlers","GBR",1,2016
"3718",24437,2016-01-29,49.9,-11.1,227209970,5.34263888888889,"fixed_gear","FRA",1,2016
"3719",24438,2016-01-29,49.9,-4.1,232005630,0.256805555555556,"trawlers","GBR",1,2016
"3720",24439,2016-01-29,49.9,-4.2,232005630,2.69319444444444,"trawlers","GBR",1,2016
"3721",24440,2016-01-29,49.9,-4.4,232005630,1.30805555555556,"trawlers","GBR",1,2016
"3722",24441,2016-01-29,49.9,-4.3,232005630,7.74194444444444,"trawlers","GBR",1,2016
"3723",24442,2016-01-29,75.5,40.4,273892110,2.49041666666667,"trawlers","RUS",1,2016
"3724",24443,2016-01-29,75.5,40.1,273892110,4.68055555555556,"trawlers","RUS",1,2016
"3725",24444,2016-01-29,75.5,40.3,273892110,4.06944444444445,"trawlers","RUS",1,2016
"3726",24445,2016-01-29,75.5,40.2,273892110,2.93416666666667,"trawlers","RUS",1,2016
"3727",24446,2016-01-29,75.5,42,275171000,0.833333333333333,"trawlers","LVA",1,2016
"3728",24447,2016-01-29,75.5,41.7,275171000,5.73875,"trawlers","LVA",1,2016
"3729",24448,2016-01-29,75.5,41.8,275171000,0.780833333333333,"trawlers","LVA",1,2016
"3730",24573,2016-01-29,50,-5.1,235063301,0.870277777777778,"fixed_gear","GBR",1,2016
"3731",24574,2016-01-29,50,-4.9,228213000,1.03861111111111,"trawlers","FRA",1,2016
"3732",24575,2016-01-29,50,-4.6,228213000,1.04041666666667,"trawlers","FRA",1,2016
"3733",24576,2016-01-29,50,-4.5,228213000,0.263888888888889,"trawlers","FRA",1,2016
"3734",24577,2016-01-29,50,-4.7,228213000,1.02083333333333,"trawlers","FRA",1,2016
"3735",24578,2016-01-29,50,-4.8,228213000,1.785,"trawlers","FRA",1,2016
"3736",24579,2016-01-29,50,-11.3,224010000,0.753055555555556,"fixed_gear","ESP",1,2016
"3737",24580,2016-01-29,50,-11.1,224010000,2.59111111111111,"fixed_gear","ESP",1,2016
"3738",24581,2016-01-29,50,-11.2,224010000,9.62,"fixed_gear","ESP",1,2016
"3739",24582,2016-01-29,50,-0.6,205162000,1.2475,"trawlers","BEL",1,2016
"3740",24583,2016-01-29,50,-0.4,205162000,1.79986111111111,"trawlers","BEL",1,2016
"3741",24584,2016-01-29,50,-0.3,205162000,0.512638888888889,"trawlers","BEL",1,2016
"3742",24585,2016-01-29,50,-0.7,205162000,2.33930555555556,"trawlers","BEL",1,2016
"3743",24586,2016-01-29,50,-0.5,205162000,0.78625,"trawlers","BEL",1,2016
"3744",24587,2016-01-29,50,-0.8,205162000,5.19833333333333,"trawlers","BEL",1,2016
"3745",24588,2016-01-29,50,-0.9,205162000,1.51486111111111,"trawlers","BEL",1,2016
"3746",24589,2016-01-29,50,-3.1,235005457,2.08888888888889,"trawlers","GBR",1,2016
"3747",24590,2016-01-29,50,-3.3,235005457,6.20611111111111,"trawlers","GBR",1,2016
"3748",24591,2016-01-29,50,-3.4,235005457,5.65,"trawlers","GBR",1,2016
"3749",24592,2016-01-29,50,-3.2,235005457,3.11652777777778,"trawlers","GBR",1,2016
"3750",24593,2016-01-29,50,-3.5,235005457,1.80930555555556,"trawlers","GBR",1,2016
"3751",24594,2016-01-29,50,-3.3,235061272,5.58583333333333,"trawlers","GBR",1,2016
"3752",24595,2016-01-29,50,-3.2,235061272,0.514583333333333,"trawlers","GBR",1,2016
"3753",24596,2016-01-29,50,-3.4,235061272,1.52513888888889,"trawlers","GBR",1,2016
"3754",24597,2016-01-29,50,-3.2,232005410,3.06472222222222,"trawlers","GBR",1,2016
"3755",24598,2016-01-29,50,-3,232005410,2.32805555555556,"trawlers","GBR",1,2016
"3756",24599,2016-01-29,50,-3.1,232005410,4.24361111111111,"trawlers","GBR",1,2016
"3757",24600,2016-01-29,50,-0.6,205289000,1.68013888888889,"trawlers","BEL",1,2016
"3758",24601,2016-01-29,50,-0.4,205289000,11.3658333333333,"trawlers","BEL",1,2016
"3759",24602,2016-01-29,50,-0.5,205289000,1.40138888888889,"trawlers","BEL",1,2016
"3760",24603,2016-01-29,50,-0.3,205289000,2.19236111111111,"trawlers","BEL",1,2016
"3761",24604,2016-01-29,50,-3.1,235000360,0.255,"trawlers","GBR",1,2016
"3762",24605,2016-01-29,50,-3.2,235000360,1.79069444444444,"trawlers","GBR",1,2016
"3763",24606,2016-01-29,50,-3.3,235000360,0.9,"trawlers","GBR",1,2016
"3764",24607,2016-01-29,50,-11.1,226045000,3.32625,"trawlers","FRA",1,2016
"3765",24608,2016-01-29,50,-0.3,205149000,1.82236111111111,"trawlers","BEL",1,2016
"3766",24609,2016-01-29,50,-0.4,205106000,1.63527777777778,"trawlers","BEL",1,2016
"3767",24610,2016-01-29,50,-0.2,205106000,1.23083333333333,"trawlers","BEL",1,2016
"3768",24611,2016-01-29,50,-3.5,232005460,1.30805555555556,"trawlers","GBR",1,2016
"3769",24612,2016-01-29,50,-3.4,232005460,2.87541666666667,"trawlers","GBR",1,2016
"3770",24613,2016-01-29,50,-3.2,232005460,1.68972222222222,"trawlers","GBR",1,2016
"3771",24614,2016-01-29,50,-3.1,232005460,0.909166666666667,"trawlers","GBR",1,2016
"3772",24615,2016-01-29,50,-3.3,232005460,2.04444444444444,"trawlers","GBR",1,2016
"3773",24616,2016-01-29,50,-2.2,257536600,1.29277777777778,"trawlers","NOR",1,2016
"3774",24617,2016-01-29,50,-2.5,257536600,0.551805555555556,"trawlers","NOR",1,2016
"3775",24618,2016-01-29,50,-2.3,257536600,1.29944444444444,"trawlers","NOR",1,2016
"3776",24619,2016-01-29,50,-2.6,257536600,0.730694444444444,"trawlers","NOR",1,2016
"3777",24620,2016-01-29,50,-2.7,257536600,0.463333333333333,"trawlers","NOR",1,2016
"3778",24621,2016-01-29,50,-2.4,257536600,1.04111111111111,"trawlers","NOR",1,2016
"3779",24622,2016-01-29,50,-3.6,235007070,1.62277777777778,"trawlers","GBR",1,2016
"3780",24623,2016-01-29,50,-3.5,235007070,6.05777777777778,"trawlers","GBR",1,2016
"3781",24624,2016-01-29,50,-3.4,235007070,2.66847222222222,"trawlers","GBR",1,2016
"3782",24625,2016-01-29,50,-11.1,225381000,10.4916666666667,"fixed_gear","ESP",1,2016
"3783",24626,2016-01-29,50,-0.2,205306000,0.528055555555556,"trawlers","BEL",1,2016
"3784",24627,2016-01-29,50,-0.3,205306000,10.1893055555556,"trawlers","BEL",1,2016
"3785",24628,2016-01-29,50,-0.5,205306000,0.513888888888889,"trawlers","BEL",1,2016
"3786",24629,2016-01-29,50,-0.4,205306000,8.55527777777777,"trawlers","BEL",1,2016
"3787",24630,2016-01-29,50,-3,235088807,1.58888888888889,"trawlers","GBR",1,2016
"3788",24631,2016-01-29,50,-3.1,227822000,2.06111111111111,"trawlers","FRA",1,2016
"3789",24632,2016-01-29,50,-2.9,227822000,3.47305555555556,"trawlers","FRA",1,2016
"3790",24633,2016-01-29,50,-2.8,227822000,0.256666666666667,"trawlers","FRA",1,2016
"3791",24634,2016-01-29,50,-3,227822000,1.29388888888889,"trawlers","FRA",1,2016
"3792",24635,2016-01-29,50,-2.8,235060915,1.16472222222222,"trawlers","GBR",1,2016
"3793",24636,2016-01-29,50,-2.9,235060915,1.15166666666667,"trawlers","GBR",1,2016
"3794",24637,2016-01-29,50,-3,235060915,1.36166666666667,"trawlers","GBR",1,2016
"3795",24638,2016-01-29,50,-3,232007350,3.03638888888889,"trawlers","GBR",1,2016
"3796",24639,2016-01-29,50,-2.7,227146700,1.04555555555556,"trawlers","FRA",1,2016
"3797",24640,2016-01-29,50,-2.8,227146700,0.463055555555556,"trawlers","FRA",1,2016
"3798",24641,2016-01-29,50,-11.1,224075470,10.1772222222222,"fixed_gear","ESP",1,2016
"3799",24642,2016-01-29,50,-11.1,224610000,14.9990277777778,"fixed_gear","ESP",1,2016
"3800",24643,2016-01-29,50,-11.1,224011990,2.05208333333333,"fixed_gear","ESP",1,2016
"3801",24644,2016-01-29,50,-11.2,224011990,7.79083333333333,"fixed_gear","ESP",1,2016
"3802",24645,2016-01-29,50,-4.8,227511000,0.253333333333333,"trawlers","FRA",1,2016
"3803",24646,2016-01-29,50,-11.1,224268000,16.3675,"fixed_gear","ESP",1,2016
"3804",24647,2016-01-29,50,-3.5,235008741,1.81666666666667,"trawlers","GBR",1,2016
"3805",24648,2016-01-29,50,-3.4,235008741,1.55013888888889,"trawlers","GBR",1,2016
"3806",24649,2016-01-29,50,-3.3,235008741,1.79166666666667,"trawlers","GBR",1,2016
"3807",24650,2016-01-29,50,-4.1,232005610,0.800833333333333,"trawlers","GBR",1,2016
"3808",24651,2016-01-29,50,-4,232005610,1.02958333333333,"trawlers","GBR",1,2016
"3809",24652,2016-01-29,50,-3.9,232005610,0.257083333333333,"trawlers","GBR",1,2016
"3810",24653,2016-01-29,50,-11.2,227209970,10.5544444444444,"fixed_gear","FRA",1,2016
"3811",24654,2016-01-29,50,-11.1,227209970,1.04861111111111,"fixed_gear","FRA",1,2016
"3812",24655,2016-01-29,50,-0.2,205227000,0.255555555555556,"trawlers","BEL",1,2016
"3813",24656,2016-01-29,50,-0.3,205227000,1.05416666666667,"trawlers","BEL",1,2016
"3814",24657,2016-01-29,50,-4.1,232005630,2.56388888888889,"trawlers","GBR",1,2016
"3815",24658,2016-01-29,50,-4,232005630,2.06680555555556,"trawlers","GBR",1,2016
"3816",24659,2016-01-29,75.6,41.7,273313640,3.3,"trawlers","RUS",1,2016
"3817",24660,2016-01-29,75.6,41.6,273313640,4.12180555555556,"trawlers","RUS",1,2016
"3818",24661,2016-01-29,75.6,41.8,273313640,3.25388888888889,"trawlers","RUS",1,2016
"3819",24662,2016-01-29,75.6,42,275171000,2.41277777777778,"trawlers","LVA",1,2016
"3820",24840,2016-01-29,50.1,-5.1,235063301,1.13291666666667,"fixed_gear","GBR",1,2016
"3821",24841,2016-01-29,50.1,-4.8,228213000,0.506805555555556,"trawlers","FRA",1,2016
"3822",24842,2016-01-29,50.1,-4.7,228213000,1.79041666666667,"trawlers","FRA",1,2016
"3823",24843,2016-01-29,50.1,-4.6,228213000,1.03569444444444,"trawlers","FRA",1,2016
"3824",24844,2016-01-29,50.1,-0.2,205162000,2.35222222222222,"trawlers","BEL",1,2016
"3825",24845,2016-01-29,50.1,-0.3,205162000,1.03347222222222,"trawlers","BEL",1,2016
"3826",24846,2016-01-29,50.1,-3.2,235005457,4.45430555555556,"trawlers","GBR",1,2016
"3827",24847,2016-01-29,50.1,-3.2,235061272,0.252777777777778,"trawlers","GBR",1,2016
"3828",24848,2016-01-29,50.1,-3.3,235061272,1.15277777777778,"trawlers","GBR",1,2016
"3829",24849,2016-01-29,50.1,-3,232005410,0.193888888888889,"trawlers","GBR",1,2016
"3830",24850,2016-01-29,50.1,-3.1,232005410,1.79194444444444,"trawlers","GBR",1,2016
"3831",24851,2016-01-29,50.1,-3,235010340,1.07555555555556,"trawlers","GBR",1,2016
"3832",24852,2016-01-29,50.1,-2.9,235010340,0.531527777777778,"trawlers","GBR",1,2016
"3833",24853,2016-01-29,50.1,-0.2,205289000,2.18611111111111,"trawlers","BEL",1,2016
"3834",24854,2016-01-29,50.1,-0.3,205289000,0.810277777777778,"trawlers","BEL",1,2016
"3835",24855,2016-01-29,50.1,-11.1,226045000,4.84638888888889,"trawlers","FRA",1,2016
"3836",24856,2016-01-29,50.1,-0.3,205149000,1.075,"trawlers","BEL",1,2016
"3837",24857,2016-01-29,50.1,-0.2,205149000,1.78527777777778,"trawlers","BEL",1,2016
"3838",24858,2016-01-29,50.1,-0.2,205106000,4.23194444444444,"trawlers","BEL",1,2016
"3839",24859,2016-01-29,50.1,-3.3,232005460,1.27513888888889,"trawlers","GBR",1,2016
"3840",24860,2016-01-29,50.1,-3.4,232005460,2.30875,"trawlers","GBR",1,2016
"3841",24861,2016-01-29,50.1,-3,232005460,0.517777777777778,"trawlers","GBR",1,2016
"3842",24862,2016-01-29,50.1,-3.1,232005460,4.39041666666667,"trawlers","GBR",1,2016
"3843",24863,2016-01-29,50.1,-3.2,232005460,3.1225,"trawlers","GBR",1,2016
"3844",24864,2016-01-29,50.1,-0.5,227559000,0.537222222222222,"trawlers","FRA",1,2016
"3845",24865,2016-01-29,50.1,-2,257536600,0.443055555555556,"trawlers","NOR",1,2016
"3846",24866,2016-01-29,50.1,-2.1,257536600,2.60847222222222,"trawlers","NOR",1,2016
"3847",24867,2016-01-29,50.1,-2.2,257536600,1.32347222222222,"trawlers","NOR",1,2016
"3848",24868,2016-01-29,50.1,-3.4,235007070,5.82055555555556,"trawlers","GBR",1,2016
"3849",24869,2016-01-29,50.1,-3.3,235007070,7.20152777777778,"trawlers","GBR",1,2016
"3850",24870,2016-01-29,50.1,-6.2,228021600,0.779583333333333,"trawlers","FRA",1,2016
"3851",24871,2016-01-29,50.1,-3.5,235005283,1.79597222222222,"trawlers","GBR",1,2016
"3852",24872,2016-01-29,50.1,-0.2,205243000,0.784166666666667,"trawlers","BEL",1,2016
"3853",24873,2016-01-29,50.1,-11.2,228301700,2.49444444444444,"trawlers","FRA",1,2016
"3854",24874,2016-01-29,50.1,-0.3,205306000,1.56875,"trawlers","BEL",1,2016
"3855",24875,2016-01-29,50.1,-0.4,205306000,0.267638888888889,"trawlers","BEL",1,2016
"3856",24876,2016-01-29,50.1,-4.7,227823000,1.84694444444444,"trawlers","FRA",1,2016
"3857",24877,2016-01-29,50.1,-4.6,227823000,0.783055555555556,"trawlers","FRA",1,2016
"3858",24878,2016-01-29,50.1,-6.7,234383000,0.517222222222222,"trawlers","GBR",1,2016
"3859",24879,2016-01-29,50.1,-2.9,227822000,0.757638888888889,"trawlers","FRA",1,2016
"3860",24880,2016-01-29,50.1,-3,227822000,1.53680555555556,"trawlers","FRA",1,2016
"3861",24881,2016-01-29,50.1,-3.1,227822000,0.525555555555556,"trawlers","FRA",1,2016
"3862",24882,2016-01-29,50.1,-3,235060915,0.253333333333333,"trawlers","GBR",1,2016
"3863",24883,2016-01-29,50.1,-4.7,227511000,6.10888888888889,"trawlers","FRA",1,2016
"3864",24884,2016-01-29,50.1,-4.6,227511000,1.87527777777778,"trawlers","FRA",1,2016
"3865",24885,2016-01-29,50.1,-0.2,205153000,7.23513888888889,"trawlers","BEL",1,2016
"3866",24886,2016-01-29,50.1,-0.2,205227000,6.93875,"trawlers","BEL",1,2016
"3867",24887,2016-01-29,75.7,41,273374020,1.61805555555556,"fixed_gear","RUS",1,2016
"3868",24888,2016-01-29,75.7,40.9,273374020,2.47097222222222,"fixed_gear","RUS",1,2016
"3869",24889,2016-01-29,75.7,40.7,273374020,0.824722222222222,"fixed_gear","RUS",1,2016
"3870",24890,2016-01-29,75.7,41.6,273374020,5.75930555555555,"fixed_gear","RUS",1,2016
"3871",24891,2016-01-29,75.7,40.8,273374020,1.57972222222222,"fixed_gear","RUS",1,2016
"3872",24892,2016-01-29,75.7,41.8,273313640,0.852638888888889,"trawlers","RUS",1,2016
"3873",24893,2016-01-29,75.7,39.6,273310630,0.452083333333333,"drifting_longlines","RUS",1,2016
"3874",24894,2016-01-29,75.7,39.5,273310630,1.75875,"drifting_longlines","RUS",1,2016
"3875",25082,2016-01-29,50.2,-4.5,228213000,0.52,"trawlers","FRA",1,2016
"3876",25083,2016-01-29,50.2,-4.6,228213000,2.60236111111111,"trawlers","FRA",1,2016
"3877",25084,2016-01-29,50.2,-0.2,205162000,3.85055555555556,"trawlers","BEL",1,2016
"3878",25085,2016-01-29,50.2,-0.3,205162000,0.526111111111111,"trawlers","BEL",1,2016
"3879",25086,2016-01-29,50.2,-3.2,235061272,0.772361111111111,"trawlers","GBR",1,2016
"3880",25087,2016-01-29,50.2,-3,232005410,1.86430555555556,"trawlers","GBR",1,2016
"3881",25088,2016-01-29,50.2,-3.1,232005410,2.06680555555556,"trawlers","GBR",1,2016
"3882",25089,2016-01-29,50.2,0.5,235003170,0.475138888888889,"other_fishing","GBR",1,2016
"3883",25090,2016-01-29,50.2,-0.2,205289000,2.85430555555556,"trawlers","BEL",1,2016
"3884",25091,2016-01-29,50.2,0.3,227106100,0.254027777777778,"trawlers","FRA",1,2016
"3885",25092,2016-01-29,50.2,0.2,227106100,1.32416666666667,"trawlers","FRA",1,2016
"3886",25093,2016-01-29,50.2,-6.4,228165700,2.35361111111111,"trawlers","FRA",1,2016
"3887",25094,2016-01-29,50.2,-6.3,228165700,4.9025,"trawlers","FRA",1,2016
"3888",25095,2016-01-29,50.2,-11.1,226045000,6.25722222222222,"trawlers","FRA",1,2016
"3889",25096,2016-01-29,50.2,-11,226045000,7.47791666666667,"trawlers","FRA",1,2016
"3890",25097,2016-01-29,50.2,-0.2,205149000,3.14444444444444,"trawlers","BEL",1,2016
"3891",25098,2016-01-29,50.2,0,205149000,0.260694444444444,"trawlers","BEL",1,2016
"3892",25099,2016-01-29,50.2,-0.2,205106000,1.10944444444444,"trawlers","BEL",1,2016
"3893",25100,2016-01-29,50.2,-3.3,232005460,2.35847222222222,"trawlers","GBR",1,2016
"3894",25101,2016-01-29,50.2,-0.2,227559000,1.62486111111111,"trawlers","FRA",1,2016
"3895",25102,2016-01-29,50.2,-0.3,227559000,1.28444444444444,"trawlers","FRA",1,2016
"3896",25103,2016-01-29,50.2,-0.4,227559000,0.768888888888889,"trawlers","FRA",1,2016
"3897",25104,2016-01-29,50.2,-0.5,227559000,0.513611111111111,"trawlers","FRA",1,2016
"3898",25105,2016-01-29,50.2,-0.1,227559000,0.783888888888889,"trawlers","FRA",1,2016
"3899",25106,2016-01-29,50.2,-1.1,257536600,0.886944444444444,"trawlers","NOR",1,2016
"3900",25107,2016-01-29,50.2,-1,257536600,0.555,"trawlers","NOR",1,2016
"3901",25108,2016-01-29,50.2,0,235068506,0.261111111111111,"trawlers","GBR",1,2016
"3902",25109,2016-01-29,50.2,-0.1,235068506,3.95652777777778,"trawlers","GBR",1,2016
"3903",25110,2016-01-29,50.2,-0.2,235068506,3.13888888888889,"trawlers","GBR",1,2016
"3904",25111,2016-01-29,50.2,-0.3,235068506,0.251805555555556,"trawlers","GBR",1,2016
"3905",25112,2016-01-29,50.2,-6.2,228021600,4.43319444444445,"trawlers","FRA",1,2016
"3906",25113,2016-01-29,50.2,-6.3,228021600,1.0575,"trawlers","FRA",1,2016
"3907",25114,2016-01-29,50.2,-3.5,235005283,1.04375,"trawlers","GBR",1,2016
"3908",25115,2016-01-29,50.2,-6.3,227315560,0.252777777777778,"trawlers","FRA",1,2016
"3909",25116,2016-01-29,50.2,-0.1,205275000,1.48777777777778,"trawlers","BEL",1,2016
"3910",25117,2016-01-29,50.2,0,205275000,3.38555555555556,"trawlers","BEL",1,2016
"3911",25118,2016-01-29,50.2,0,205243000,3.20152777777778,"trawlers","BEL",1,2016
"3912",25119,2016-01-29,50.2,-0.1,205243000,7.47208333333333,"trawlers","BEL",1,2016
"3913",25120,2016-01-29,50.2,-6.4,228267900,2.07916666666667,"trawlers","FRA",1,2016
"3914",25121,2016-01-29,50.2,-6.2,228267900,0.267777777777778,"trawlers","FRA",1,2016
"3915",25122,2016-01-29,50.2,-6.3,228267900,3.10944444444444,"trawlers","FRA",1,2016
"3916",25123,2016-01-29,50.2,-11.1,228301700,3.59625,"trawlers","FRA",1,2016
"3917",25124,2016-01-29,50.2,-6.4,228337800,0.791666666666667,"trawlers","FRA",1,2016
"3918",25125,2016-01-29,50.2,-6.2,228337800,0.279027777777778,"trawlers","FRA",1,2016
"3919",25126,2016-01-29,50.2,-6.3,228337800,4.44638888888889,"trawlers","FRA",1,2016
"3920",25127,2016-01-29,50.2,-4.7,227823000,1.04208333333333,"trawlers","FRA",1,2016
"3921",25128,2016-01-29,50.2,-4.5,227823000,5.33916666666667,"trawlers","FRA",1,2016
"3922",25129,2016-01-29,50.2,-4.4,227823000,0.25625,"trawlers","FRA",1,2016
"3923",25130,2016-01-29,50.2,-4.6,227823000,5.04458333333333,"trawlers","FRA",1,2016
"3924",25131,2016-01-29,50.2,-7,234383000,2.11222222222222,"trawlers","GBR",1,2016
"3925",25132,2016-01-29,50.2,-6.9,234383000,1.01680555555556,"trawlers","GBR",1,2016
"3926",25133,2016-01-29,50.2,-6.2,228324000,0.514027777777778,"trawlers","FRA",1,2016
"3927",25134,2016-01-29,50.2,-6.4,228324000,4.68958333333333,"trawlers","FRA",1,2016
"3928",25135,2016-01-29,50.2,-6.3,228324000,5.23416666666667,"trawlers","FRA",1,2016
"3929",25136,2016-01-29,50.2,-0.2,205262000,2.90486111111111,"trawlers","BEL",1,2016
"3930",25137,2016-01-29,50.2,-0.3,205262000,3.65930555555556,"trawlers","BEL",1,2016
"3931",25138,2016-01-29,50.2,-0.1,205262000,1.28625,"trawlers","BEL",1,2016
"3932",25139,2016-01-29,50.2,0,205262000,0.262777777777778,"trawlers","BEL",1,2016
"3933",25140,2016-01-29,50.2,-2.9,227822000,0.255138888888889,"trawlers","FRA",1,2016
"3934",25141,2016-01-29,50.2,-2.8,227822000,1.28347222222222,"trawlers","FRA",1,2016
"3935",25142,2016-01-29,50.2,0.1,205059000,1.72513888888889,"trawlers","BEL",1,2016
"3936",25143,2016-01-29,50.2,-4.6,227511000,3.71652777777778,"trawlers","FRA",1,2016
"3937",25144,2016-01-29,50.2,-4.5,227511000,0.414861111111111,"trawlers","FRA",1,2016
"3938",25145,2016-01-29,50.2,-0.2,205239000,11.6134722222222,"trawlers","BEL",1,2016
"3939",25146,2016-01-29,50.2,-0.1,205239000,0.525555555555556,"trawlers","BEL",1,2016
"3940",25147,2016-01-29,50.2,0.1,227109600,0.276111111111111,"trawlers","FRA",1,2016
"3941",25148,2016-01-29,50.2,-0.2,205153000,2.66791666666667,"trawlers","BEL",1,2016
"3942",25149,2016-01-29,50.2,-0.2,205227000,4.91263888888889,"trawlers","BEL",1,2016
"3943",25150,2016-01-29,50.2,-0.1,205227000,2.96513888888889,"trawlers","BEL",1,2016
"3944",25151,2016-01-29,75.8,41.8,273374020,1.59597222222222,"fixed_gear","RUS",1,2016
"3945",25152,2016-01-29,75.8,41.4,273374020,1.64430555555556,"fixed_gear","RUS",1,2016
"3946",25153,2016-01-29,75.8,41.1,273374020,1.57611111111111,"fixed_gear","RUS",1,2016
"3947",25154,2016-01-29,75.8,41.2,273374020,1.63458333333333,"fixed_gear","RUS",1,2016
"3948",25155,2016-01-29,75.8,41,273374020,1.73597222222222,"fixed_gear","RUS",1,2016
"3949",25156,2016-01-29,75.8,40.5,275453000,6.34361111111111,"fixed_gear","LVA",1,2016
"3950",25157,2016-01-29,75.8,39.8,275453000,0.711527777777778,"fixed_gear","LVA",1,2016
"3951",25158,2016-01-29,75.8,40.4,275453000,3.52583333333333,"fixed_gear","LVA",1,2016
"3952",25159,2016-01-29,75.8,40.3,275453000,1.54611111111111,"fixed_gear","LVA",1,2016
"3953",25160,2016-01-29,75.8,40.3,273898100,2.22861111111111,"trawlers","RUS",1,2016
"3954",25161,2016-01-29,75.8,40.4,273898100,7.01708333333334,"trawlers","RUS",1,2016
"3955",25162,2016-01-29,75.8,39.8,273310630,3.81680555555556,"drifting_longlines","RUS",1,2016
"3956",25163,2016-01-29,75.8,39.7,273310630,2.04444444444444,"drifting_longlines","RUS",1,2016
"3957",25164,2016-01-29,75.8,39.6,273310630,7.07847222222222,"drifting_longlines","RUS",1,2016
"3958",25165,2016-01-29,75.8,39.5,273310630,2.33263888888889,"drifting_longlines","RUS",1,2016
"3959",25166,2016-01-29,75.8,39.4,273358560,1.16513888888889,"trawlers","RUS",1,2016
"3960",25167,2016-01-29,75.8,40.4,273358560,0.759722222222222,"trawlers","RUS",1,2016
"3961",25168,2016-01-29,75.8,40.5,273358560,2.00930555555556,"trawlers","RUS",1,2016
"3962",25169,2016-01-29,75.8,39.3,273358560,0.375694444444444,"trawlers","RUS",1,2016
"3963",25329,2016-01-29,50.3,-0.2,205162000,1.56416666666667,"trawlers","BEL",1,2016
"3964",25330,2016-01-29,50.3,-0.3,205162000,1.29805555555556,"trawlers","BEL",1,2016
"3965",25331,2016-01-29,50.3,-6.1,228259600,6.24930555555556,"trawlers","FRA",1,2016
"3966",25332,2016-01-29,50.3,-6,228259600,0.130555555555556,"trawlers","FRA",1,2016
"3967",25333,2016-01-29,50.3,-5.8,227391000,0.797361111111111,"trawlers","FRA",1,2016
"3968",25334,2016-01-29,50.3,-5.9,227391000,0.262777777777778,"trawlers","FRA",1,2016
"3969",25335,2016-01-29,50.3,-3,232005410,1.16027777777778,"trawlers","GBR",1,2016
"3970",25336,2016-01-29,50.3,-3.1,232005410,6.77083333333333,"trawlers","GBR",1,2016
"3971",25337,2016-01-29,50.3,0.3,235003170,0.522083333333333,"other_fishing","GBR",1,2016
"3972",25338,2016-01-29,50.3,0.4,235003170,4.10305555555556,"other_fishing","GBR",1,2016
"3973",25339,2016-01-29,50.3,0.5,235003170,3.43166666666667,"other_fishing","GBR",1,2016
"3974",25340,2016-01-29,50.3,0.1,227106100,2.58652777777778,"trawlers","FRA",1,2016
"3975",25341,2016-01-29,50.3,0.3,227106100,0.790555555555555,"trawlers","FRA",1,2016
"3976",25342,2016-01-29,50.3,0.2,227106100,2.14611111111111,"trawlers","FRA",1,2016
"3977",25343,2016-01-29,50.3,0,227106100,0.256527777777778,"trawlers","FRA",1,2016
"3978",25344,2016-01-29,50.3,-6.3,228165700,1.0375,"trawlers","FRA",1,2016
"3979",25345,2016-01-29,50.3,-6.1,228165700,4.82486111111111,"trawlers","FRA",1,2016
"3980",25346,2016-01-29,50.3,-5.9,228165700,0.796527777777778,"trawlers","FRA",1,2016
"3981",25347,2016-01-29,50.3,-6,228165700,3.92569444444444,"trawlers","FRA",1,2016
"3982",25348,2016-01-29,50.3,-6.2,228165700,6.31666666666667,"trawlers","FRA",1,2016
"3983",25349,2016-01-29,50.3,-11,226045000,1.07916666666667,"trawlers","FRA",1,2016
"3984",25350,2016-01-29,50.3,-0.1,205149000,5.45458333333333,"trawlers","BEL",1,2016
"3985",25351,2016-01-29,50.3,-0.3,205149000,0.893055555555555,"trawlers","BEL",1,2016
"3986",25352,2016-01-29,50.3,0,205149000,7.525,"trawlers","BEL",1,2016
"3987",25353,2016-01-29,50.3,-0.2,205149000,2.18569444444444,"trawlers","BEL",1,2016
"3988",25354,2016-01-29,50.3,-3.3,232005460,0.775138888888889,"trawlers","GBR",1,2016
"3989",25355,2016-01-29,50.3,-0.2,235068506,2.62333333333333,"trawlers","GBR",1,2016
"3990",25356,2016-01-29,50.3,0,235068506,2.23777777777778,"trawlers","GBR",1,2016
"3991",25357,2016-01-29,50.3,-0.1,235068506,5.49444444444444,"trawlers","GBR",1,2016
"3992",25358,2016-01-29,50.3,0.1,235068506,0.382361111111111,"trawlers","GBR",1,2016
"3993",25359,2016-01-29,50.3,-6,228021600,2.81361111111111,"trawlers","FRA",1,2016
"3994",25360,2016-01-29,50.3,-6.2,228021600,2.24458333333333,"trawlers","FRA",1,2016
"3995",25361,2016-01-29,50.3,-5.9,228021600,1.60472222222222,"trawlers","FRA",1,2016
"3996",25362,2016-01-29,50.3,-6.1,228021600,4.26347222222222,"trawlers","FRA",1,2016
"3997",25363,2016-01-29,50.3,-6.2,227315560,4.97430555555556,"trawlers","FRA",1,2016
"3998",25364,2016-01-29,50.3,-5.9,227315560,1.31888888888889,"trawlers","FRA",1,2016
"3999",25365,2016-01-29,50.3,-6.1,227315560,4.30986111111111,"trawlers","FRA",1,2016
"4000",25366,2016-01-29,50.3,-6,227315560,2.35541666666667,"trawlers","FRA",1,2016
"4001",25367,2016-01-29,50.3,-6.3,227315560,1.02958333333333,"trawlers","FRA",1,2016
"4002",25368,2016-01-29,50.3,-0.2,205275000,1.6775,"trawlers","BEL",1,2016
"4003",25369,2016-01-29,50.3,-0.1,205275000,4.92680555555556,"trawlers","BEL",1,2016
"4004",25370,2016-01-29,50.3,0,205275000,2.89347222222222,"trawlers","BEL",1,2016
"4005",25371,2016-01-29,50.3,0.1,205275000,1.49847222222222,"trawlers","BEL",1,2016
"4006",25372,2016-01-29,50.3,-0.1,205243000,1.28513888888889,"trawlers","BEL",1,2016
"4007",25373,2016-01-29,50.3,0,205243000,1.72986111111111,"trawlers","BEL",1,2016
"4008",25374,2016-01-29,50.3,-0.4,205243000,1.32722222222222,"trawlers","BEL",1,2016
"4009",25375,2016-01-29,50.3,0.1,205243000,0.670694444444444,"trawlers","BEL",1,2016
"4010",25376,2016-01-29,50.3,-0.2,205243000,2.10194444444444,"trawlers","BEL",1,2016
"4011",25377,2016-01-29,50.3,-0.3,205243000,5.7775,"trawlers","BEL",1,2016
"4012",25378,2016-01-29,50.3,-6,228267900,1.05666666666667,"trawlers","FRA",1,2016
"4013",25379,2016-01-29,50.3,-6.2,228267900,5.7425,"trawlers","FRA",1,2016
"4014",25380,2016-01-29,50.3,-6.4,228267900,1.32902777777778,"trawlers","FRA",1,2016
"4015",25381,2016-01-29,50.3,-6.1,228267900,2.89305555555556,"trawlers","FRA",1,2016
"4016",25382,2016-01-29,50.3,-6.3,228267900,3.11763888888889,"trawlers","FRA",1,2016
"4017",25383,2016-01-29,50.3,-11.1,228301700,7.85416666666667,"trawlers","FRA",1,2016
"4018",25384,2016-01-29,50.3,-11,228301700,3.60930555555556,"trawlers","FRA",1,2016
"4019",25385,2016-01-29,50.3,-5.9,228337800,1.28791666666667,"trawlers","FRA",1,2016
"4020",25386,2016-01-29,50.3,-6.1,228337800,2.55361111111111,"trawlers","FRA",1,2016
"4021",25387,2016-01-29,50.3,-6.3,228337800,0.273333333333333,"trawlers","FRA",1,2016
"4022",25388,2016-01-29,50.3,-6.2,228337800,3.66791666666667,"trawlers","FRA",1,2016
"4023",25389,2016-01-29,50.3,-6,228337800,2.85416666666667,"trawlers","FRA",1,2016
"4024",25390,2016-01-29,50.3,-6.8,234383000,1.28888888888889,"trawlers","GBR",1,2016
"4025",25391,2016-01-29,50.3,-6.9,234383000,0.255555555555556,"trawlers","GBR",1,2016
"4026",25392,2016-01-29,50.3,-6.7,234383000,0.790138888888889,"trawlers","GBR",1,2016
"4027",25393,2016-01-29,50.3,-6.1,228324000,2.06666666666667,"trawlers","FRA",1,2016
"4028",25394,2016-01-29,50.3,-6.3,228324000,1.30222222222222,"trawlers","FRA",1,2016
"4029",25395,2016-01-29,50.3,-6.2,228324000,3.37013888888889,"trawlers","FRA",1,2016
"4030",25396,2016-01-29,50.3,-0.4,205262000,0.262222222222222,"trawlers","BEL",1,2016
"4031",25397,2016-01-29,50.3,-0.3,205262000,6.44736111111111,"trawlers","BEL",1,2016
"4032",25398,2016-01-29,50.3,0,205262000,3.0775,"trawlers","BEL",1,2016
"4033",25399,2016-01-29,50.3,-0.2,205262000,2.59,"trawlers","BEL",1,2016
"4034",25400,2016-01-29,50.3,-0.1,205262000,1.55236111111111,"trawlers","BEL",1,2016
"4035",25401,2016-01-29,50.3,-0.1,205059000,1.69333333333333,"trawlers","BEL",1,2016
"4036",25402,2016-01-29,50.3,-0.3,205059000,1.63625,"trawlers","BEL",1,2016
"4037",25403,2016-01-29,50.3,-0.2,205059000,1.18638888888889,"trawlers","BEL",1,2016
"4038",25404,2016-01-29,50.3,-0.2,205239000,0.549444444444444,"trawlers","BEL",1,2016
"4039",25405,2016-01-29,50.3,0.6,235074776,1.79916666666667,"trawlers","GBR",1,2016
"4040",25406,2016-01-29,50.3,0.1,227109600,5.67,"trawlers","FRA",1,2016
"4041",25407,2016-01-29,50.3,0.2,227109600,2.64027777777778,"trawlers","FRA",1,2016
"4042",25408,2016-01-29,50.3,-0.2,205227000,2.43097222222222,"trawlers","BEL",1,2016
"4043",25409,2016-01-29,50.3,-0.1,205227000,2.57611111111111,"trawlers","BEL",1,2016
"4044",25410,2016-01-29,75.9,39.9,275453000,5.11861111111111,"fixed_gear","LVA",1,2016
"4045",25411,2016-01-29,75.9,40,275453000,3.28041666666667,"fixed_gear","LVA",1,2016
"4046",25412,2016-01-29,75.9,39.8,275453000,4.03861111111111,"fixed_gear","LVA",1,2016
"4047",25413,2016-01-29,75.9,40.8,273842510,1.6475,"fixed_gear","RUS",1,2016
"4048",25414,2016-01-29,75.9,40.7,273842510,4.14555555555556,"fixed_gear","RUS",1,2016
"4049",25415,2016-01-29,75.9,40.3,273842510,0.82625,"fixed_gear","RUS",1,2016
"4050",25416,2016-01-29,75.9,40.6,273842510,0.600833333333333,"fixed_gear","RUS",1,2016
"4051",25417,2016-01-29,75.9,40.7,273898100,1.65986111111111,"trawlers","RUS",1,2016
"4052",25418,2016-01-29,75.9,40.5,273898100,3.24652777777778,"trawlers","RUS",1,2016
"4053",25419,2016-01-29,75.9,40.6,273898100,1.38930555555556,"trawlers","RUS",1,2016
"4054",25420,2016-01-29,75.9,41.3,273329820,1.61041666666667,"trawlers","RUS",1,2016
"4055",25421,2016-01-29,75.9,41.1,273329820,2.00611111111111,"trawlers","RUS",1,2016
"4056",25422,2016-01-29,75.9,41,273329820,5.29194444444445,"trawlers","RUS",1,2016
"4057",25423,2016-01-29,75.9,39.8,273310630,6.47125,"drifting_longlines","RUS",1,2016
"4058",25424,2016-01-29,75.9,40.5,273358560,2.20194444444445,"trawlers","RUS",1,2016
"4059",25425,2016-01-29,75.9,40.7,273358560,0.0736111111111111,"trawlers","RUS",1,2016
"4060",25426,2016-01-29,75.9,40.1,273358560,1.6675,"trawlers","RUS",1,2016
"4061",25427,2016-01-29,75.9,40.4,273358560,2.51472222222222,"trawlers","RUS",1,2016
"4062",25518,2016-01-29,50.4,-5.7,227391000,3.37722222222222,"trawlers","FRA",1,2016
"4063",25519,2016-01-29,50.4,-5.6,227391000,0.887222222222222,"trawlers","FRA",1,2016
"4064",25520,2016-01-29,50.4,-5.8,227391000,1.84833333333333,"trawlers","FRA",1,2016
"4065",25521,2016-01-29,50.4,-3.6,235087406,2.81666666666667,"trawlers","GBR",1,2016
"4066",25522,2016-01-29,50.4,-3.5,235087406,3.46777777777778,"trawlers","GBR",1,2016
"4067",25523,2016-01-29,50.4,-7.3,227486000,9.92597222222222,"trawlers","FRA",1,2016
"4068",25524,2016-01-29,50.4,-3.5,235069529,2.21263888888889,"fixed_gear","GBR",1,2016
"4069",25525,2016-01-29,50.4,-5.9,228021600,0.641111111111111,"trawlers","FRA",1,2016
"4070",25526,2016-01-29,50.4,-5.9,227315560,1.58486111111111,"trawlers","FRA",1,2016
"4071",25527,2016-01-29,50.4,-5.8,227315560,1.03805555555556,"trawlers","FRA",1,2016
"4072",25528,2016-01-29,50.4,0,205275000,2.10652777777778,"trawlers","BEL",1,2016
"4073",25529,2016-01-29,50.4,-0.2,205275000,0.779444444444444,"trawlers","BEL",1,2016
"4074",25530,2016-01-29,50.4,-0.1,205275000,4.72111111111111,"trawlers","BEL",1,2016
"4075",25531,2016-01-29,50.4,-6.2,228267900,0.275694444444444,"trawlers","FRA",1,2016
"4076",25532,2016-01-29,50.4,-5.9,228337800,0.538333333333333,"trawlers","FRA",1,2016
"4077",25533,2016-01-29,50.4,-0.1,205262000,0.263888888888889,"trawlers","BEL",1,2016
"4078",25534,2016-01-29,50.4,-0.4,205262000,1.56194444444444,"trawlers","BEL",1,2016
"4079",25535,2016-01-29,50.4,-0.3,205059000,4.77555555555556,"trawlers","BEL",1,2016
"4080",25536,2016-01-29,50.4,-0.4,205059000,1.58138888888889,"trawlers","BEL",1,2016
"4081",25537,2016-01-29,50.4,-0.2,205059000,1.15388888888889,"trawlers","BEL",1,2016
"4082",25538,2016-01-29,50.4,-3.6,235023059,0.15,"trawlers","GBR",1,2016
"4083",25539,2016-01-29,50.4,0.6,235074776,5.23194444444444,"trawlers","GBR",1,2016
"4084",25540,2016-01-29,50.4,-0.2,205227000,2.09972222222222,"trawlers","BEL",1,2016
"4085",25541,2016-01-29,50.4,-0.1,205227000,1.02652777777778,"trawlers","BEL",1,2016
"4086",25542,2016-01-29,76,36.4,258205000,2.09958333333333,"fixed_gear","NOR",1,2016
"4087",25543,2016-01-29,76,36.3,258205000,2.46597222222222,"fixed_gear","NOR",1,2016
"4088",25544,2016-01-29,76,36.9,258205000,1.7825,"fixed_gear","NOR",1,2016
"4089",25545,2016-01-29,76,37,258205000,0.800277777777778,"fixed_gear","NOR",1,2016
"4090",25546,2016-01-29,76,36.6,258205000,3.28263888888889,"fixed_gear","NOR",1,2016
"4091",25547,2016-01-29,76,36.5,258205000,6.48513888888889,"fixed_gear","NOR",1,2016
"4092",25548,2016-01-29,76,40.4,273842510,2.43138888888889,"fixed_gear","RUS",1,2016
"4093",25549,2016-01-29,76,40,273842510,2.43513888888889,"fixed_gear","RUS",1,2016
"4094",25550,2016-01-29,76,40.2,273842510,1.64277777777778,"fixed_gear","RUS",1,2016
"4095",25551,2016-01-29,76,40.3,273842510,5.91041666666667,"fixed_gear","RUS",1,2016
"4096",25552,2016-01-29,76,40.1,273842510,3.29972222222222,"fixed_gear","RUS",1,2016
"4097",25553,2016-01-29,76,41.5,273898100,1.61013888888889,"trawlers","RUS",1,2016
"4098",25554,2016-01-29,76,41.4,273898100,0.815,"trawlers","RUS",1,2016
"4099",25555,2016-01-29,76,41,273329820,1.64638888888889,"trawlers","RUS",1,2016
"4100",25556,2016-01-29,76,37.2,257219000,0.80375,"trawlers","NOR",1,2016
"4101",25557,2016-01-29,76,37,257219000,0.21625,"trawlers","NOR",1,2016
"4102",25558,2016-01-29,76,37.1,257219000,2.28819444444444,"trawlers","NOR",1,2016
"4103",25559,2016-01-29,76,40.4,273358560,3.23638888888889,"trawlers","RUS",1,2016
"4104",25560,2016-01-29,76,40.6,273358560,1.61833333333333,"trawlers","RUS",1,2016
"4105",25629,2016-01-29,50.5,-5.3,227392000,6.01291666666667,"trawlers","FRA",1,2016
"4106",25630,2016-01-29,50.5,-5.4,227392000,1.01208333333333,"trawlers","FRA",1,2016
"4107",25631,2016-01-29,50.5,-5.5,227392000,0.326944444444444,"trawlers","FRA",1,2016
"4108",25632,2016-01-29,50.5,-5.4,227391000,1.32069444444444,"trawlers","FRA",1,2016
"4109",25633,2016-01-29,50.5,-5.6,227391000,0.638888888888889,"trawlers","FRA",1,2016
"4110",25634,2016-01-29,50.5,-5.5,227391000,2.89027777777778,"trawlers","FRA",1,2016
"4111",25635,2016-01-29,50.5,-5.3,227391000,3.30458333333333,"trawlers","FRA",1,2016
"4112",25636,2016-01-29,50.5,-0.1,205275000,0.265277777777778,"trawlers","BEL",1,2016
"4113",25637,2016-01-29,50.5,-6.2,228267900,1.58736111111111,"trawlers","FRA",1,2016
"4114",25638,2016-01-29,50.5,-6.1,228267900,1.03833333333333,"trawlers","FRA",1,2016
"4115",25639,2016-01-29,50.5,-11.1,228301700,7.34625,"trawlers","FRA",1,2016
"4116",25640,2016-01-29,50.5,-0.3,205059000,8.26625,"trawlers","BEL",1,2016
"4117",25641,2016-01-29,50.5,-0.4,205059000,1.04611111111111,"trawlers","BEL",1,2016
"4118",25642,2016-01-29,76.1,36.8,258205000,1.98027777777778,"fixed_gear","NOR",1,2016
"4119",25643,2016-01-29,76.1,40.1,273842510,1.59875,"fixed_gear","RUS",1,2016
"4120",25675,2016-01-29,50.6,-5.2,227392000,4.46319444444444,"trawlers","FRA",1,2016
"4121",25676,2016-01-29,50.6,-5.1,227392000,2.55958333333333,"trawlers","FRA",1,2016
"4122",25677,2016-01-29,50.6,-5.3,227392000,5.44333333333333,"trawlers","FRA",1,2016
"4123",25678,2016-01-29,50.6,-5.3,227391000,3.09055555555556,"trawlers","FRA",1,2016
"4124",25679,2016-01-29,50.6,-5.2,227391000,1.02388888888889,"trawlers","FRA",1,2016
"4125",25680,2016-01-29,76.2,42.2,273898100,2.43513888888889,"trawlers","RUS",1,2016
"4126",25681,2016-01-29,76.2,42,273898100,3.34319444444445,"trawlers","RUS",1,2016
"4127",25682,2016-01-29,76.2,35.3,257219000,0.885555555555556,"trawlers","NOR",1,2016
"4128",25683,2016-01-29,76.2,35.4,257219000,0.0718055555555556,"trawlers","NOR",1,2016
"4129",25684,2016-01-29,76.2,35.2,257219000,0.8175,"trawlers","NOR",1,2016
"4130",25685,2016-01-29,76.2,35.1,257219000,0.828333333333333,"trawlers","NOR",1,2016
"4131",25744,2016-01-29,50.7,-5.1,227392000,1.82513888888889,"trawlers","FRA",1,2016
"4132",25745,2016-01-29,50.7,-5.4,235003310,0.520694444444444,"fixed_gear","GBR",1,2016
"4133",25794,2016-01-29,50.8,-5.4,234417000,0.258055555555556,"fixed_gear","GBR",1,2016
"4134",25795,2016-01-29,50.8,-5.5,234417000,3.59375,"fixed_gear","GBR",1,2016
"4135",25796,2016-01-29,50.8,-5.5,235003310,1.52263888888889,"fixed_gear","GBR",1,2016
"4136",25797,2016-01-29,50.8,-5.3,235003310,0.254027777777778,"fixed_gear","GBR",1,2016
"4137",25798,2016-01-29,50.8,-5.4,235003310,10.1452777777778,"fixed_gear","GBR",1,2016
"4138",25799,2016-01-29,50.8,1.3,227141600,1.03277777777778,"trawlers","FRA",1,2016
"4139",25800,2016-01-29,50.8,1.2,227141600,2.55513888888889,"trawlers","FRA",1,2016
"4140",25845,2016-01-29,50.9,1.5,226183000,0.176666666666667,"trawlers","FRA",1,2016
"4141",25846,2016-01-29,50.9,1.4,227324000,0.155555555555556,"trawlers","FRA",1,2016
"4142",25847,2016-01-29,50.9,-5.5,234417000,9.32763888888889,"fixed_gear","GBR",1,2016
"4143",25848,2016-01-29,50.9,-5.4,234417000,6.47583333333333,"fixed_gear","GBR",1,2016
"4144",25849,2016-01-29,50.9,-5.5,235099244,7.78180555555556,"fixed_gear","GBR",1,2016
"4145",25850,2016-01-29,50.9,-5.4,235099244,10.4869444444444,"fixed_gear","GBR",1,2016
"4146",25851,2016-01-29,50.9,-5.6,235099244,1.78652777777778,"fixed_gear","GBR",1,2016
"4147",25852,2016-01-29,50.9,-5.4,235003310,0.263472222222222,"fixed_gear","GBR",1,2016
"4148",25853,2016-01-29,50.9,1.4,227143100,0.290138888888889,"trawlers","FRA",1,2016
"4149",25882,2016-01-29,51,1.5,227141900,0.249583333333333,"trawlers","FRA",1,2016
"4150",25883,2016-01-29,51,1.6,227141900,0.627638888888889,"trawlers","FRA",1,2016
"4151",25884,2016-01-29,51,-5.3,205322000,1.28027777777778,"trawlers","BEL",1,2016
"4152",25885,2016-01-29,51,-5,205322000,4.48416666666667,"trawlers","BEL",1,2016
"4153",25886,2016-01-29,51,-5.1,205322000,2.67138888888889,"trawlers","BEL",1,2016
"4154",25887,2016-01-29,51,-5.2,205322000,1.5275,"trawlers","BEL",1,2016
"4155",25888,2016-01-29,51,-5.4,205322000,0.257777777777778,"trawlers","BEL",1,2016
"4156",25889,2016-01-29,51,1.5,227117600,1.30166666666667,"trawlers","FRA",1,2016
"4157",25890,2016-01-29,51,1.6,227117600,0.264861111111111,"trawlers","FRA",1,2016
"4158",25891,2016-01-29,51,-7,226216000,8.52333333333333,"trawlers","FRA",1,2016
"4159",25892,2016-01-29,51,-6.2,226216000,3.06402777777778,"trawlers","FRA",1,2016
"4160",25893,2016-01-29,51,-6.3,226216000,1.93027777777778,"trawlers","FRA",1,2016
"4161",25894,2016-01-29,51,-6.1,226216000,1.73638888888889,"trawlers","FRA",1,2016
"4162",25895,2016-01-29,51,1.5,226183000,2.60194444444444,"trawlers","FRA",1,2016
"4163",25896,2016-01-29,51,1.5,227324000,0.572361111111111,"trawlers","FRA",1,2016
"4164",25897,2016-01-29,51,1.4,227324000,0.299861111111111,"trawlers","FRA",1,2016
"4165",25898,2016-01-29,51,-10.3,235021707,4.12416666666667,"trawlers","GBR",1,2016
"4166",25899,2016-01-29,51,1.5,227143100,1.64625,"trawlers","FRA",1,2016
"4167",25903,2016-01-29,51,1.5,226230000,0.105555555555556,"trawlers","FRA",1,2016
"4168",25904,2016-01-29,51,1.5,227142900,2.58694444444444,"trawlers","FRA",1,2016
"4169",25929,2016-01-29,51.1,1.6,227141900,1.83375,"trawlers","FRA",1,2016
"4170",25930,2016-01-29,51.1,-5.3,205322000,2.80888888888889,"trawlers","BEL",1,2016
"4171",25931,2016-01-29,51.1,1.6,227117600,1.16263888888889,"trawlers","FRA",1,2016
"4172",25932,2016-01-29,51.1,2.8,205150000,0.499722222222222,"trawlers","BEL",1,2016
"4173",25933,2016-01-29,51.1,2.7,205150000,1.3025,"trawlers","BEL",1,2016
"4174",25934,2016-01-29,51.1,-6.1,226216000,0.987777777777778,"trawlers","FRA",1,2016
"4175",25935,2016-01-29,51.1,-6,226216000,2.18986111111111,"trawlers","FRA",1,2016
"4176",25936,2016-01-29,51.1,-10.1,235005510,1.20583333333333,"trawlers","GBR",1,2016
"4177",25937,2016-01-29,51.1,-10,235005510,1.51819444444444,"trawlers","GBR",1,2016
"4178",25938,2016-01-29,51.1,-9.8,235005510,0.983194444444444,"trawlers","GBR",1,2016
"4179",25941,2016-01-29,51.1,-9.6,235005820,12.5961111111111,"trawlers","GBR",1,2016
"4180",25942,2016-01-29,51.1,-9.8,235005820,1.76111111111111,"trawlers","GBR",1,2016
"4181",25943,2016-01-29,51.1,-10.1,235021707,1.09986111111111,"trawlers","GBR",1,2016
"4182",25944,2016-01-29,51.1,-10.2,235021707,2.42805555555556,"trawlers","GBR",1,2016
"4183",25945,2016-01-29,51.1,-9.9,235021707,0.773472222222222,"trawlers","GBR",1,2016
"4184",25946,2016-01-29,51.1,-9.8,235021707,2.77652777777778,"trawlers","GBR",1,2016
"4185",25947,2016-01-29,51.1,-10,235021707,1.32902777777778,"trawlers","GBR",1,2016
"4186",25948,2016-01-29,51.1,2.7,205273000,1.29333333333333,"trawlers","BEL",1,2016
"4187",25949,2016-01-29,51.1,2.8,205273000,0.220833333333333,"trawlers","BEL",1,2016
"4188",25951,2016-01-29,51.1,1.6,226230000,0.257638888888889,"trawlers","FRA",1,2016
"4189",25952,2016-01-29,51.1,-6.3,250000626,6.17638888888889,"trawlers","IRL",1,2016
"4190",25953,2016-01-29,51.1,1.5,227142900,0.270972222222222,"trawlers","FRA",1,2016
